# X Y X1 X2 Y1 Y2
   -2.06     -0.7     0.08     0.08     0.15     0.15  #BD+17_3248 
   -2.41    -0.91      0.1      0.1     0.09     0.09  #BS17583-100 
   -2.51    -0.83     0.11     0.11     0.14     0.14  #HD110184 
   -2.52    -1.01     0.08     0.08     0.09     0.09  #HD140283 
   -2.62    -0.56     0.11     0.11     0.17     0.17  #HD6268 
   -2.03    -0.98     0.11     0.11     0.16     0.16  #G139-8 
    -2.5    -0.37     0.17     0.17     0.26     0.26  #BD+04_2621 
    -2.1    -0.37     0.19     0.19     0.27     0.27  #BD+08_2856 
   -2.27    -0.65     0.11     0.11     0.23     0.23  #BD+09_3223 
   -2.06    -0.73     0.17     0.17     0.23     0.23  #BD+10_2495 
   -1.71    -0.64      0.2      0.2     0.21     0.21  #BD+18_2890 
   -2.36     -0.4     0.12     0.12      0.1      0.1  #HD108577 
   -2.38    -0.65     0.14     0.14     0.21     0.21  #HD128279 
    -2.3    -0.73     0.19     0.19     0.35     0.35  #HD165195 
   -2.17    -1.05     0.16     0.16     0.25     0.25  #HD218857 
   -2.21    -1.04     0.18     0.18     0.27     0.27  #CS30339-041 
   -2.68    -0.83     0.19     0.19     0.28     0.28  #CS31062-041 
   -1.58     -0.8      0.2      0.2     0.25     0.25  #HD20 
   -2.27    -0.93     0.18     0.18     0.26     0.26  #HE0018-1349 
   -2.06    -0.99     0.18     0.18     0.27     0.27  #HE0023-4825 
    -2.5    -0.98     0.18     0.18     0.27     0.27  #HE0029-1839 
   -1.77    -1.07     0.18     0.18     0.26     0.26  #HE0045-2430 
    -2.4    -0.96     0.18     0.18     0.25     0.25  #HE0049-5700 
   -2.44    -0.68     0.19     0.19     0.27     0.27  #HE0051-2304 
      -2    -0.78     0.18     0.18     0.27     0.27  #HE0054-0657 
   -2.13    -0.62     0.18     0.18     0.25     0.25  #HE0143-1135 
   -2.47    -0.91     0.19     0.19     0.27     0.27  #HE0200-0955 
   -2.49    -0.45     0.19     0.19     0.26     0.26  #HE0243-0753 
   -2.27     -0.6     0.19     0.19     0.29     0.29  #HE0300-0751 
   -2.32    -0.89     0.17     0.17     0.25     0.25  #HE0317-4640 
   -2.24    -0.74     0.18     0.18     0.26     0.26  #HE0328-1047 
   -2.19    -0.97     0.17     0.17     0.26     0.26  #HE0330-4004 
   -1.89    -0.85     0.17     0.17     0.26     0.26  #HE0330-4144 
   -1.81    -0.67     0.18     0.18     0.26     0.26  #HE0339-4027 
   -1.95    -0.98     0.18     0.18     0.26     0.26  #HE0340-3430 
    -1.8    -1.24     0.18     0.18     0.26     0.26  #HE0344+0139 
   -2.33    -0.73     0.17     0.17     0.25     0.25  #HE0417-0821 
   -2.35    -1.16     0.18     0.18     0.28     0.28  #HE0436-4008 
   -2.41    -0.32      0.2      0.2     0.25     0.25  #HE0442-1234 
   -1.69    -0.79     0.18     0.18     0.32     0.32  #HE0447-4858 
    -2.4    -0.72     0.19     0.19     0.28     0.28  #HE0501-5644 
   -2.39    -0.43     0.19     0.19     0.27     0.27  #HE0512-3835 
   -2.52    -1.05     0.18     0.18     0.25     0.25  #HE0520-1748 
   -2.01    -0.85     0.18     0.18     0.25     0.25  #HE0534-4615 
   -1.52    -0.67     0.18     0.18     0.26     0.26  #HE0538-4515 
   -2.29    -0.46     0.17     0.17     0.25     0.25  #HE1052-2548 
   -2.49    -0.81     0.18     0.18     0.29     0.29  #HE1131+0141 
   -2.38    -0.98     0.18     0.18     0.26     0.26  #HE1132+0125 
   -2.53    -1.02     0.18     0.18     0.28     0.28  #HE1132+0204 
   -2.26    -1.13     0.18     0.18     0.26     0.26  #HE1210+0048 
   -2.16    -0.52     0.19     0.19     0.31     0.31  #HE1212-0127 
   -2.04    -1.27     0.17     0.17     0.25     0.25  #HE1222-0336 
   -1.96    -0.98     0.18     0.18     0.26     0.26  #HE1225-0515 
    -2.3    -0.98     0.17     0.17     0.25     0.25  #HE1230-1724 
   -2.08    -0.76      0.2      0.2     0.27     0.27  #HE1256-0228 
   -2.35    -1.04     0.18     0.18     0.25     0.25  #HE1256-0651 
   -2.33    -0.81     0.19     0.19     0.28     0.28  #HE1330-0607 
   -2.46    -0.94     0.18     0.18     0.28     0.28  #HE1332-0309 
   -2.47    -0.91     0.18     0.18     0.26     0.26  #HE1335+0135 
   -2.34    -1.05     0.18     0.18     0.25     0.25  #HE1337-0453 
   -2.02    -0.76     0.18     0.18     0.26     0.26  #HE2133-1432 
   -2.22    -0.81     0.19     0.19     0.27     0.27  #HE2134+0001 
   -2.43    -0.69     0.19     0.19     0.27     0.27  #HE2143+0030 
   -2.38    -0.59     0.18     0.18     0.27     0.27  #HE2151-2858 
   -2.49    -0.49     0.18     0.18     0.25     0.25  #HE2153-2719 
   -1.85    -0.64     0.19     0.19     0.26     0.26  #HE2154-2838 
   -2.07    -0.94     0.19     0.19     0.27     0.27  #HE2155+0136 
    -1.7    -0.87      0.2      0.2     0.26     0.26  #HE2216-1548 
   -2.03    -0.99     0.17     0.17     0.26     0.26  #HE2221-4150 
   -2.12    -1.37     0.19     0.19     0.39     0.39  #HE2231-0622 
    -2.4    -1.16     0.18     0.18     0.26     0.26  #HE2238-2152 
   -2.21    -1.05     0.19     0.19      0.3      0.3  #HE2242-1930 
   -1.61    -0.87     0.18     0.18     0.27     0.27  #HE2243-0151 
   -2.26       -1     0.18     0.18     0.26     0.26  #HE2247-3705 
   -2.22    -1.04     0.18     0.18     0.26     0.26  #HE2250-2132 
   -1.93    -0.68     0.18     0.18     0.25     0.25  #HE2252-4157 
   -2.29    -0.96     0.17     0.17     0.26     0.26  #HE2259-3407 
    -2.1    -0.96     0.17     0.17     0.26     0.26  #HE2301-4024 
   -2.37     -0.9     0.19     0.19     0.25     0.25  #HE2301-4126 
   -2.15    -1.04     0.18     0.18     0.26     0.26  #HE2329-3702 
   -2.32    -1.03     0.18     0.18     0.27     0.27  #HE2335-5958B 
   -2.46    -0.57     0.18     0.18     0.25     0.25  #HE2345-1919 
   -1.83    -0.72     0.18     0.18     0.25     0.25  #HE2347-1254 
   -2.31    -1.09     0.18     0.18     0.26     0.26  #HE2347-1448 
   -2.39    -0.83      0.2      0.2     0.17     0.17  #BS17439-065 
    -2.4    -0.49     0.21     0.21     0.18     0.18  #CS30306-132 
   -2.35    -0.62     0.21     0.21     0.18     0.18  #CS30319-020 
   -0.45     0.19        0        0        0        0  #HD101976 
   -0.85     0.37        0        0        0        0  #HD111777 
   -0.91     0.37        0        0        0        0  #HD120559 
   -0.65     0.36        0        0        0        0  #HD124785 
   -0.82     0.31        0        0        0        0  #HD126793 
   -0.92     0.36        0        0        0        0  #HD142945 
   -1.14     0.45        0        0        0        0  #HD144450 
   -1.34     0.18        0        0        0        0  #HD145417 
   -0.93     0.26        0        0        0        0  #HD17072 
   -1.08     0.38        0        0        0        0  #HD196892 
   -1.05     0.31        0        0        0        0  #HD199289 
   -0.75     0.13        0        0        0        0  #HD203608 
   -1.44     0.16        0        0        0        0  #HD211998 
   -1.37     0.07        0        0        0        0  #HD213467 
   -0.98     0.34        0        0        0        0  #HD25704 
   -0.99     0.31        0        0        0        0  #HD49301 
   -0.69     0.12        0        0        0        0  #HD61902 
   -0.87     0.26        0        0        0        0  #HD63598 
   -0.72     0.35        0        0        0        0  #HD78747 
   -0.74     0.37        0        0        0        0  #HD79601 
   -0.57     0.29        0        0        0        0  #HD80863 
   -1.17     0.24        0        0        0        0  #HD97320 
   -0.41     0.05        0        0        0        0  #HD99682 
   -0.96     0.33        0        0        0        0  #BD+01_306 
   -0.14     0.07        0        0        0        0  #BD+04_701 
   -0.03    -0.08        0        0        0        0  #BD+09_2242 
   -0.95     0.46        0        0        0        0  #BD+13_2698 
   -0.62     0.21        0        0        0        0  #BD+15_1305 
   -1.12     0.32        0        0        0        0  #BD+29_366 
   -1.35    -0.03        0        0        0        0  #BD+30_2611 
   -0.07    -0.04        0        0        0        0  #BD+33_2300 
   -0.61     0.57        0        0        0        0  #BD+33_4707 
   -0.36     0.35        0        0        0        0  #BD+45_983 
   -0.89     0.37        0        0        0        0  #BD+50_1021 
   -0.86     0.46        0        0        0        0  #BD-08_6117 
    -0.6     0.36        0        0        0        0  #CD-25_3416 
   -1.81     0.12        0        0        0        0  #HD008724 
   -1.72     0.21        0        0        0        0  #HD021581 
   -1.83     0.47        0        0        0        0  #HD025329 
   -1.71     0.15        0        0        0        0  #HD026297 
   -1.76     0.35        0        0        0        0  #HD103036 
   -1.52     0.41        0        0        0        0  #HD111721 
   -0.65     0.05        0        0        0        0  #HD116316 
   -0.66     0.28        0        0        0        0  #HD118659 
   -0.38    -0.01        0        0        0        0  #HD129392 
   -0.47     0.04        0        0        0        0  #HD129515 
   -0.35    -0.01        0        0        0        0  #HD129518 
   -1.55    -0.29        0        0        0        0  #HD134439 
   -1.49    -0.22        0        0        0        0  #HD134440 
   -0.95    -0.11        0        0        0        0  #HD142575 
   -1.24      0.2        0        0        0        0  #HD149414 
   -0.27     0.19        0        0        0        0  #HD15096 
   -1.47     0.17        0        0        0        0  #HD163810 
   -0.52     0.17        0        0        0        0  #HD171620 
   -0.54     0.15        0        0        0        0  #HD174912 
   -1.45     0.05        0        0        0        0  #HD175305 
   -0.46     0.17        0        0        0        0  #HD186379 
   -1.15    -0.12        0        0        0        0  #HD193901 
   -1.21     0.06        0        0        0        0  #HD194598 
   -0.64     0.51        0        0        0        0  #HD195987 
   -0.94     0.41        0        0        0        0  #HD201889 
   -0.73     0.37        0        0        0        0  #HD204155 
   -1.32     0.26        0        0        0        0  #HD210295 
    -0.6     0.31        0        0        0        0  #HD25673 
   -0.42     0.31        0        0        0        0  #HD280067 
    -0.6    -0.06        0        0        0        0  #HD40057 
   -0.38    -0.12        0        0        0        0  #HD53545 
   -0.44     0.04        0        0        0        0  #HD53871 
   -0.56     0.03        0        0        0        0  #HD76910 
   -0.06    -0.04        0        0        0        0  #HD83888 
   -0.66     0.25        0        0        0        0  #HD88725 
   -0.46     0.25        0        0        0        0  #HD9430 
   -2.47      0.1        0        0        0        0  #HD2796 
   -2.15    -0.87     0.04     0.04        0        0  #HD84937 
   -2.57    -0.88      0.1      0.1        0        0  #CS22190-007 
   -2.38    -0.92      0.1      0.1        0        0  #CS22878-121 
   -2.14    -0.67     0.12     0.12        0        0  #CS22886-043 
   -2.41    -0.83      0.1      0.1        0        0  #CS22944-039 
   -2.07    -1.33     0.11     0.11        0        0  #BD+80_245 
      -2    -0.47     0.13     0.13     0.19     0.19  #CS22941-012 
   -1.89    -0.96     0.15     0.15        0        0  #CS22966-043  # Y Upper Limit
   -1.91    -1.44     0.11     0.11        0        0  #G4-36 
   -2.18    -0.89        0        0        0        0  #BD+02_3375 
   -1.87    -0.31        0        0        0        0  #BD+29_2091 
   -1.99    -0.91        0        0        0        0  #BD+34_2476 
   -0.58      0.2        0        0        0        0  #G235-45 
   -1.46    -0.54        0        0        0        0  #G9-16 
   -0.62     0.19        0        0        0        0  #G99-21 
   -0.57     0.21        0        0        0        0  #HD030649 
   -0.46     0.24        0        0        0        0  #HD101177 
    -0.4    -0.01        0        0        0        0  #HD104056 
   -0.72     0.08        0        0        0        0  #HD108076 
   -0.56     0.27        0        0        0        0  #HD114606 
   -0.16    -0.19        0        0        0        0  #HD119288 
   -0.34    -0.14        0        0        0        0  #HD17948 
    -0.3    -0.02        0        0        0        0  #HD22309 
   -1.56    -0.61        0        0        0        0  #HD233511 
   -0.58      0.2        0        0        0        0  #HD243357 
   -1.01    -0.35        0        0        0        0  #HD250792 
   -0.44     0.04        0        0        0        0  #HD56513 
   -0.52    -0.04        0        0        0        0  #HD58551 
   -0.43    -0.07        0        0        0        0  #HD88446 
   -0.32    -0.03        0        0        0        0  #HD91784 
   -0.43    -0.15        0        0        0        0  #HD97855A 
    -2.5     0.46     0.14     0.14      0.1      0.1  #HE0221-2127 
   -2.28    -0.44      0.2      0.2        0        0  #HE0349-0045 
   -2.34     0.01     0.14     0.14     0.14     0.14  #HE0458-1346 
   -2.48    -0.17     0.12     0.12     0.05     0.05  #HE0508-1555 
   -2.43    -0.38     0.12     0.12        0        0  #HE1446-0140 
   -2.43    -0.39     0.13     0.13        0        0  #HE1500-1628 
    -2.4     -0.2     0.22     0.22        0        0  #HE2244-2116 
   -2.58    -0.18     0.13     0.13     0.12     0.12  #HE2341-2029 
   -1.71    -0.28        0        0        0        0  #BD+01_2916 
   -1.89    -0.35        0        0        0        0  #HD003008 
   -1.76    -0.29        0        0        0        0  #HD029574 
   -1.39    -0.36        0        0        0        0  #HD110281 
   -1.61    -0.26        0        0        0        0  #HD118055 
   -1.79    -0.07        0        0        0        0  #HD135148 
   -1.96     0.01        0        0        0        0  #[S84]2643 
   -2.62    -0.87     0.21     0.21     0.29     0.29  #CS30492-001 
    -1.8    -0.85     0.21     0.21     0.33     0.33  #BD+17_4708 
   -1.87    -0.76     0.17     0.17     0.28     0.28  #CD-36_1052 
   -2.54    -0.74     0.21     0.21     0.31     0.31  #CS22171-031 
   -2.18     -0.6     0.21     0.21     0.33     0.33  #CS22182-047 
    -2.2     -0.6     0.21     0.21     0.34     0.34  #CS22871-104 
   -2.47    -0.67     0.21     0.21     0.31     0.31  #CS22876-040 
   -2.12    -0.76     0.21     0.21     0.33     0.33  #CS22877-015 
   -2.16    -0.56     0.16     0.16     0.27     0.27  #CS22879-103 
   -2.01     -0.6     0.16     0.16     0.28     0.28  #CS22883-037 
   -2.48    -0.73     0.21     0.21     0.31     0.31  #CS22884-020 
   -1.86    -1.06     0.21     0.21     0.33     0.33  #CS22886-044 
   -2.54    -0.81     0.17     0.17     0.21     0.21  #CS22888-047 
    -2.4    -0.61      0.2      0.2     0.33     0.33  #CS22893-011 
   -2.52    -0.73     0.21     0.21      0.3      0.3  #CS22943-095 
   -2.54     -0.8     0.17     0.17     0.23     0.23  #CS22951-077 
   -2.11    -0.85     0.21     0.21     0.33     0.33  #CS22954-015 
   -1.37    -0.64     0.06     0.06     0.12     0.12  #CS22955-110 
   -2.43    -0.83     0.21     0.21     0.31     0.31  #CS22957-019 
   -1.93    -0.85     0.21     0.21     0.33     0.33  #CS22957-026 
   -2.28    -0.79     0.21     0.21     0.33     0.33  #CS22957-036 
   -2.62     -0.8     0.22     0.22      0.3      0.3  #CS22958-052 
   -2.29     -0.8     0.21     0.21     0.32     0.32  #CS22958-065 
   -2.57    -0.51     0.21     0.21     0.32     0.32  #CS22968-026 
   -2.44    -0.74      0.2      0.2     0.32     0.32  #CS29495-005 
   -2.51    -0.83     0.21     0.21      0.3      0.3  #CS29499-003 
   -2.38    -0.32     0.17     0.17     0.18     0.18  #CS29504-004 
   -2.47    -0.84     0.17     0.17     0.23     0.23  #CS29513-003 
   -2.35    -0.79     0.14     0.14      0.3      0.3  #CS29514-017 
   -2.69     -0.7     0.15     0.15      0.3      0.3  #CS30312-100 
   -2.61    -0.72      0.1      0.1     0.23     0.23  #G115-49 
   -2.08     -0.6     0.15     0.15     0.27     0.27  #G146-76 
   -2.08    -1.04     0.11     0.11     0.23     0.23  #G16-25 
   -1.42    -0.97     0.22     0.22     0.33     0.33  #G161-73 
    -1.5    -0.32     0.21     0.21     0.34     0.34  #G188-22 
   -1.95    -0.76      0.1      0.1     0.21     0.21  #G190-10 
   -2.14    -0.77     0.21     0.21     0.36     0.36  #G199-66 
   -1.72    -0.87     0.21     0.21     0.33     0.33  #G201-44 
    -1.8    -1.04      0.2      0.2     0.33     0.33  #G234-28 
   -2.11    -1.06     0.21     0.21     0.37     0.37  #G25-24 
   -2.08    -0.79      0.2      0.2     0.33     0.33  #G26-1 
   -2.06    -0.85     0.21     0.21     0.33     0.33  #G71-55 
   -2.35    -0.97     0.21     0.21     0.33     0.33  #G75-56 
    -2.4    -0.21     0.21     0.21     0.33     0.33  #G90-3 
   -2.62     -0.6     0.15     0.15      0.3      0.3  #HD108317 
   -1.94    -0.77     0.17     0.17     0.26     0.26  #HD119516 
   -2.05    -0.44     0.15     0.15     0.25     0.25  #HD126238 
   -2.01    -0.75     0.21     0.21     0.33     0.33  #HD16031 
   -2.39    -0.74     0.21     0.21     0.32     0.32  #HD175606 
   -1.99     -0.7     0.17     0.17     0.28     0.28  #HD178443 
   -1.75    -0.78     0.16     0.16     0.28     0.28  #HD184266 
   -1.88    -0.57      0.1      0.1     0.22     0.22  #HD188510 
   -2.06    -0.35     0.17     0.17     0.27     0.27  #HD214362 
   -1.74    -0.81     0.21     0.21     0.33     0.33  #HD219617 
   -1.87    -0.42     0.21     0.21     0.33     0.33  #HD31128 
    -2.6    -0.75     0.21     0.21     0.29     0.29  #HD338529 
   -1.73    -0.72     0.21     0.21     0.34     0.34  #HD345957 
   -1.59     -0.5     0.15     0.15     0.24     0.24  #HD45282 
   -2.34    -0.61        0        0        0        0  #HE0057-4541 
   -2.48    -0.67        0        0        0        0  #HE0516-3820 
   -2.42    -0.53     0.13     0.13     0.06     0.06  #LAMOSTJ0343-0227 
   -1.56    -0.09        0        0        0        0  #2MASSJ03084611-4747083 
   -2.39    -1.11        0        0        0        0  #2MASSJ10294248-0103238 
   -2.32    -0.81        0        0        0        0  #SMSSJ000113.96-363337.9 
   -2.32    -0.89        0        0        0        0  #SMSSJ001039.86-525851.4 
   -1.59    -0.91        0        0        0        0  #SMSSJ012147.80-495328.2 
   -2.22    -0.82        0        0        0        0  #SMSSJ022756.48-684256.6 
   -2.33    -1.42        0        0        0        0  #SMSSJ034249.53-284216.0 
    -2.5    -0.74        0        0        0        0  #SMSSJ055746.51-575057.4 
   -2.48    -0.68        0        0        0        0  #SMSSJ064349.43-653038.6 
   -2.08    -1.02        0        0        0        0  #SMSSJ080050.54-724620.6 
    -2.4    -0.84        0        0        0        0  #SMSSJ090247.43-122755.0 
   -1.48    -0.64        0        0        0        0  #SMSSJ095120.49-401431.3 
   -1.86    -1.04        0        0        0        0  #SMSSJ105320.99-435300.1 
   -1.98    -0.81        0        0        0        0  #SMSSJ105438.86-435819.9 
    -2.1    -0.75        0        0        0        0  #SMSSJ121716.48-442510.2 
   -2.35    -1.11        0        0        0        0  #SMSSJ130537.01-294438.3 
   -2.26    -1.03        0        0        0        0  #SMSSJ141547.72-414034.0 
   -2.24    -0.76        0        0        0        0  #SMSSJ164921.94-041943.9 
   -2.48    -0.66        0        0        0        0  #SMSSJ165023.82-252948.7 
    -2.2    -0.78        0        0        0        0  #SMSSJ165219.76-253133.7 
   -2.17    -0.82        0        0        0        0  #SMSSJ175046.30-425506.9 
   -2.46    -0.71        0        0        0        0  #SMSSJ175738.37-454823.5 
    -2.4    -0.61        0        0        0        0  #SMSSJ190911.03-213207.5 
   -1.29    -0.94        0        0        0        0  #SMSSJ193617.38-790231.4 
   -2.43    -0.82        0        0        0        0  #SMSSJ194432.13-720537.1 
   -2.31    -0.84        0        0        0        0  #SMSSJ195614.75-320145.9 
   -1.89    -0.59        0        0        0        0  #SMSSJ210021.85-653627.9 
    -2.4    -1.21        0        0        0        0  #SMSSJ211340.44-520017.5 
   -2.38    -0.92        0        0        0        0  #SMSSJ224843.95-543610.1 
   -1.55      1.2     0.11     0.11     0.08     0.08  #TYC5619-109-1 
   -0.05     0.14     0.16     0.16      0.2      0.2  #Pristine196.9043+06.8973 
   -0.12     0.31     0.14     0.14     0.15     0.15  #Pristine224.8486+07.0259 
    0.05     0.09     0.16     0.16     0.23     0.23  #Pristine231.0319+06.4867 
   -0.12     0.18     0.12     0.12      0.2      0.2  #Pristine231.2818+06.4018 
   -0.07     0.19     0.17     0.17     0.23     0.23  #Pristine237.0863+10.5790 
   -0.15     0.31     0.18     0.18     0.16     0.16  #Pristine254.0070+12.7611 
   -0.19    -0.03     0.16     0.16      0.2      0.2  #Pristine254.1519+12.6741 
   -0.06     0.08     0.14     0.14      0.2      0.2  #Pristine254.4842+15.4573 
   -0.65     0.11     0.23     0.23      0.2      0.2  #Pristine254.5606+15.4784 
   -0.15     0.22     0.21     0.21      0.2      0.2  #Pristine255.0531+10.7488 
   -0.72    -0.01     0.06     0.06     0.04     0.04  #HD119173 
   -1.93    -0.81        0        0     0.09     0.09  #CD-48_2445 
    -1.9    -0.83      0.1      0.1     0.05     0.05  #CS22874-042 
   -1.75     0.08      0.1      0.1     0.34     0.34  #HD94028 
   -0.77    -0.32     0.07     0.07     0.15     0.15  #HD006833 
   -0.91     0.27     0.07     0.07     0.15     0.15  #HD022879 
   -1.35     0.18     0.07     0.07     0.22     0.22  #HD103095 
   -0.61      0.2     0.08     0.08     0.22     0.22  #HD170153 
   -2.16     0.17      0.1      0.1     0.15     0.15  #HD19445 
   -2.26    -0.14     0.07     0.07     0.18     0.18  #HD216143 
   -2.26    -0.24     0.06     0.06     0.18     0.18  #HD221170 
   -0.83      0.3     0.08     0.08     0.15     0.15  #HD6582 
   -1.58    -0.07     0.08     0.08     0.17     0.17  #HD222925 
   -0.71      0.4     0.08     0.08     0.05     0.05  #HD24616 
   -0.11     0.13     0.07     0.07        0        0  #HIP113174 
   -0.42     0.36     0.11     0.11     0.06     0.06  #HIP5315 
   -0.58     0.26        0        0        0        0  #BD+00_2627 
   -0.87     0.04        0        0        0        0  #BD+00_549 
   -0.84     0.12        0        0        0        0  #BD+11_4725 
   -0.81     0.16        0        0        0        0  #BD+14_3384 
   -0.92    -0.05        0        0        0        0  #BD+18_3423 
   -0.99     0.09        0        0        0        0  #BD+20_2594 
   -0.88      0.3        0        0        0        0  #BD+22_2442 
   -1.19     0.14        0        0        0        0  #BD+26_4251 
   -0.87     0.14        0        0        0        0  #BD+31_3025 
    0.09    -0.09        0        0        0        0  #BD+35_4669 
    -0.9     0.13        0        0        0        0  #BD+36_1898 
   -0.24    -0.14        0        0        0        0  #BD+46_1264 
   -0.85     0.04        0        0        0        0  #BD+46_610 
   -1.58     0.53        0        0        0        0  #BD+48_476 
   -0.59     0.17        0        0        0        0  #BD+59_1609 
    -0.7     0.12        0        0        0        0  #BD+65_737 
   -0.64     0.23        0        0        0        0  #BD+67_1034 
   -0.94     0.12        0        0        0        0  #BD+68_394 
   -0.43     0.05        0        0        0        0  #BD+70_1218 
   -0.45     0.09        0        0        0        0  #BD+70_950 
   -1.29    -0.24        0        0        0        0  #BD+73_39 
   -0.55     0.09        0        0        0        0  #BD+73_943 
   -0.47     0.09        0        0        0        0  #BD+77_876 
   -0.92     0.12        0        0        0        0  #BD+79_22 
   -0.92     0.06        0        0        0        0  #BD-01_306 
   -0.62     0.11        0        0        0        0  #BD-04_2862 
   -0.71      0.1        0        0        0        0  #CD-28_8426 
   -0.79     0.16        0        0        0        0  #G159-5 
   -0.89      0.2        0        0        0        0  #G9-31 
   -0.88     0.01        0        0        0        0  #HD103723 
   -0.84      0.1        0        0        0        0  #HD104800 
   -0.69     0.23        0        0        0        0  #HD10519 
   -0.79     0.13        0        0        0        0  #HD106516 
   -0.77     0.17        0        0        0        0  #HD107582 
   -0.69     0.23        0        0        0        0  #HD107760 
   -0.64     0.15        0        0        0        0  #HD110642 
   -0.88     0.22        0        0        0        0  #HD110898 
   -0.29     0.02        0        0        0        0  #HD111367 
   -1.03        0        0        0        0        0  #HD111980 
   -0.65     0.09        0        0        0        0  #HD11397 
   -0.26    -0.08        0        0        0        0  #HD114094 
   -0.49     0.19        0        0        0        0  #HD116926 
   -0.67     0.16        0        0        0        0  #HD126512 
   -0.44     0.21        0        0        0        0  #HD127340 
   -0.19    -0.03        0        0        0        0  #HD129290 
   -0.78     0.28        0        0        0        0  #HD131597 
   -0.16     1.18        0        0        0        0  #HD132130 
   -1.51     1.48        0        0        0        0  #HD132475 
   -0.28    -0.02        0        0        0        0  #HD135145 
   -0.44     0.07        0        0        0        0  #HD136231 
   -0.72     0.13        0        0        0        0  #HD14056 
   -0.74     0.11        0        0        0        0  #HD14106 
   -0.85     0.14        0        0        0        0  #HD148816 
   -0.43     0.11        0        0        0        0  #HD150433 
   -0.06    -0.03        0        0        0        0  #HD150633 
    0.04    -0.06        0        0        0        0  #HD151504 
    0.04     0.12        0        0        0        0  #HD156342 
   -0.57     0.26        0        0        0        0  #HD156802 
   -0.34     0.11        0        0        0        0  #HD156893 
   -0.56     0.23        0        0        0        0  #HD158226 
   -0.44     0.23        0        0        0        0  #HD159001 
   -0.48     0.11        0        0        0        0  #HD159062 
   -0.59     0.07        0        0        0        0  #HD160693 
   -0.35    -0.06        0        0        0        0  #HD161848 
   -0.26     0.04        0        0        0        0  #HD162756 
   -0.86     0.22        0        0        0        0  #HD163799 
   -0.21        0        0        0        0        0  #HD16609 
   -0.25     0.04        0        0        0        0  #HD167677 
   -0.77     0.05        0        0        0        0  #HD170357 
   -0.55     0.13        0        0        0        0  #HD171009 
   -0.32     0.12        0        0        0        0  #HD178496 
   -1.17     0.36        0        0        0        0  #HD179626 
   -0.61     0.19        0        0        0        0  #HD184499 
   -0.23     0.11        0        0        0        0  #HD188326 
    -0.7     0.17        0        0        0        0  #HD18907 
   -0.54     0.12        0        0        0        0  #HD19034 
   -0.17     0.04        0        0        0        0  #HD191069 
   -0.59     0.03        0        0        0        0  #HD192718 
    0.04    -0.07        0        0        0        0  #HD197207 
   -0.78     0.04        0        0        0        0  #HD20039 
   -0.32     0.05        0        0        0        0  #HD20512 
   -0.98     0.05        0        0        0        0  #HD212029 
    -0.5     0.24        0        0        0        0  #HD214059 
   -0.75     0.12        0        0        0        0  #HD216179 
   -0.68     0.07        0        0        0        0  #HD217231 
   -0.56     0.22        0        0        0        0  #HD221830 
    0.32     0.02        0        0        0        0  #HD22254 
   -0.82     0.26        0        0        0        0  #HD222794 
    0.15    -0.17        0        0        0        0  #HD230999 
    -0.4     0.13        0        0        0        0  #HD232996 
   -0.49     0.09        0        0        0        0  #HD233345 
   -1.08     0.21        0        0        0        0  #HD23439 
   -0.71        0        0        0        0        0  #HD237354 
   -0.51     0.07        0        0        0        0  #HD240299 
   -1.05     0.07        0        0        0        0  #HD241253 
    -0.8     0.13        0        0        0        0  #HD246067 
   -0.68     0.13        0        0        0        0  #HD283807 
   -0.29     0.01        0        0        0        0  #HD285571 
    -0.5     0.06        0        0        0        0  #HD28645 
   -0.46     0.13        0        0        0        0  #HD29400 
     0.1    -0.18        0        0        0        0  #HD29528 
   -0.37     0.07        0        0        0        0  #HD31501 
   -0.54     0.07        0        0        0        0  #HD33449 
   -0.33     0.11        0        0        0        0  #HD3403 
   -0.34     0.13        0        0        0        0  #HD344779 
    0.05    -0.06        0        0        0        0  #HD36130 
   -0.28     0.05        0        0        0        0  #HD3628 
    -0.4     0.08        0        0        0        0  #HD36283 
   -0.39     0.13        0        0        0        0  #HD37739 
    -0.7     0.22        0        0        0        0  #HD3795 
   -0.86     0.17        0        0        0        0  #HD38510 
   -0.73     0.24        0        0        0        0  #HD39861 
   -0.55     0.12        0        0        0        0  #HD4156 
   -0.92     0.18        0        0        0        0  #HD45205 
   -0.64    -0.08        0        0        0        0  #HD46341 
    -0.1    -0.11        0        0        0        0  #HD51219 
   -0.67     0.18        0        0        0        0  #HD5256 
    -0.2    -0.11        0        0        0        0  #HD54351 
   -0.35        0        0        0        0        0  #HD56451 
   -0.56     0.19        0        0        0        0  #HD61383 
   -0.84     0.28        0        0        0        0  #HD64385 
   -0.79     0.19        0        0        0        0  #HD6500 
   -0.46    -0.06        0        0        0        0  #HD65871 
   -0.52      0.2        0        0        0        0  #HD6734 
   -0.52      0.1        0        0        0        0  #HD68017 
   -0.67     0.16        0        0        0        0  #HD69611 
   -0.75      0.2        0        0        0        0  #HD74011 
   -0.64     0.14        0        0        0        0  #HD7424 
   -0.64     0.14        0        0        0        0  #HD75530 
   -0.56      0.2        0        0        0        0  #HD78558 
   -0.72     0.11        0        0        0        0  #HD7983 
   -0.52     0.17        0        0        0        0  #HD84038 
   -0.46     0.07        0        0        0        0  #HD8638 
   -0.53    -0.05        0        0        0        0  #HD89707 
    -1.3      0.3        0        0        0        0  #HD91121 
   -0.07     0.04        0        0        0        0  #HD91988 
    0.06     0.03        0        0        0        0  #HD94667 
   -0.44    -0.06        0        0        0        0  #HD96094 
   -0.09    -0.14     0.07     0.07     0.13     0.13  #HD100920 
   -0.43      0.1     0.08     0.08      0.1      0.1  #HD107328 
   -0.39     0.16     0.06     0.06     0.06     0.06  #HD107773 
   -0.58     0.17     0.07     0.07     0.05     0.05  #HD114095 
   -0.02     0.02     0.07     0.07     0.01     0.01  #HD115478 
    0.18     0.11     0.07     0.07     0.13     0.13  #HD116976 
   -0.86     0.07     0.07     0.07     0.08     0.08  #HD117220 
   -0.28    -0.01     0.06     0.06     0.08     0.08  #HD117818 
   -0.65     0.26     0.07     0.07     0.28     0.28  #HD119971 
   -0.53     0.22     0.05     0.05     0.07     0.07  #HD124897 
    -0.7     0.13     0.07     0.07     0.03     0.03  #HD127243 
   -1.33     0.27     0.08     0.08     0.07     0.07  #HD128188 
   -0.32     0.05     0.07     0.07        0        0  #HD130952 
    0.38    -0.06     0.07     0.07      0.1      0.1  #HD132345 
   -0.46     0.18     0.07     0.07     0.18     0.18  #HD136014 
   -0.73     0.27     0.08     0.08     0.15     0.15  #HD142948 
    0.17    -0.14     0.06     0.06     0.05     0.05  #HD145148 
   -0.54     0.09     0.07     0.07     0.06     0.06  #HD148451 
   -0.57    -0.02     0.08     0.08     0.04     0.04  #HD171496 
    0.18    -0.04     0.08     0.08     0.08     0.08  #HD172223 
   -0.55      0.2     0.08     0.08     0.04     0.04  #HD174116 
   -0.32    -0.07     0.06     0.06      0.1      0.1  #HD175219 
   -0.48     0.38     0.07     0.07     0.25     0.25  #HD180928 
    0.06     0.06     0.07     0.07     0.01     0.01  #HD186378 
    0.16     0.09     0.07     0.07     0.06     0.06  #HD187195 
   -0.11     0.17     0.07     0.07     0.11     0.11  #HD203344 
   -0.35     0.08     0.06     0.06     0.08     0.08  #HD211075 
   -0.23    -0.06     0.06     0.06     0.08     0.08  #HD212320 
    0.07        0     0.06     0.06     0.06     0.06  #HD214376 
   -0.46     0.01     0.06     0.06     0.02     0.02  #HD215030 
   -0.53     0.13     0.07     0.07     0.02     0.02  #HD219615 
    0.46     0.06     0.07     0.07     0.11     0.11  #HD221148 
   -0.27     0.13     0.07     0.07     0.06     0.06  #HD221345 
    -0.3        0     0.08     0.08     0.03     0.03  #HD23940 
   -0.13     0.19     0.13     0.13     0.02     0.02  #HD29139 
   -0.05     0.05     0.12     0.12     0.04     0.04  #HD29503 
   -0.28    -0.04     0.06     0.06     0.04     0.04  #HD30608 
   -0.37    -0.08     0.09     0.09        0        0  #HD32440 
   -0.62     0.12     0.07     0.07     0.08     0.08  #HD3546 
    0.34     -0.1     0.08     0.08     0.15     0.15  #HD37763 
    0.19    -0.11     0.07     0.07      0.1      0.1  #HD40409 
   -1.02    -0.27     0.07     0.07     0.12     0.12  #HD41667 
   -0.04    -0.07     0.05     0.05     0.05     0.05  #HD45415 
   -0.33     0.01     0.12     0.12     0.04     0.04  #HD50778 
    -0.5     0.01     0.05     0.05     0.06     0.06  #HD5268 
   -0.47    -0.05     0.06     0.06        0        0  #HD73017 
   -0.67      0.2     0.07     0.07     0.02     0.02  #HD77236 
   -0.51      0.2     0.09     0.09     0.02     0.02  #HD77729 
   -0.94    -0.19     0.07     0.07        0        0  #HD78050 
   -0.22     0.25     0.11     0.11     0.13     0.13  #HD787 
   -0.51     0.25     0.07     0.07     0.05     0.05  #HD80811 
   -0.01    -0.07     0.06     0.06     0.01     0.01  #HD99648 
   -1.07     0.27     0.07     0.07     0.02     0.02  #HD99978 
   -0.43     0.21     0.08     0.08     0.03     0.03  #I12 
    -0.3     0.27     0.09     0.09     0.16     0.16  #I141 
   -0.82     0.29     0.09     0.09     0.12     0.12  #I151 
       0     0.09      0.1      0.1     0.15     0.15  #I152 
   -0.82     0.18      0.1      0.1     0.12     0.12  #I156 
   -0.01     0.11     0.09     0.09     0.01     0.01  #I158 
    0.12     0.33      0.1      0.1     0.01     0.01  #I202 
    0.44     0.16      0.1      0.1     0.07     0.07  #I25 
   -1.23     0.86     0.08     0.08      0.1      0.1  #I264 
   -0.16     0.14     0.08     0.08     0.03     0.03  #I322 
   -1.22    -0.06     0.13     0.13        0        0  #II119 
   -0.71     0.24     0.07     0.07      0.1      0.1  #II154 
   -0.41     0.33     0.11     0.11     0.06     0.06  #II172 
   -1.28     0.04     0.06     0.06     0.04     0.04  #II3 
   -0.81     0.24     0.07     0.07     0.06     0.06  #II33 
   -0.59     0.36     0.09     0.09     0.09     0.09  #III152 
   -0.36     0.27     0.09     0.09     0.15     0.15  #III220 
    0.39      0.2     0.12     0.12     0.02     0.02  #IV167 
   -1.25     0.34     0.08     0.08     0.14     0.14  #IV203 
    0.23     0.37     0.07     0.07     0.03     0.03  #IV325 
   -1.02     0.18     0.08     0.08     0.04     0.04  #IV329 
   -0.42     0.27      0.1      0.1     0.11     0.11  #IV47 
   -0.64     0.18        0        0     0.04     0.04  #HD114762 
   -0.42     0.07        0        0     0.05     0.05  #HD123710 
   -1.21      0.3        0        0     0.06     0.06  #HD126681 
   -0.74     0.17        0        0     0.04     0.04  #HD134088 
   -0.71      0.3        0        0     0.03     0.03  #HD134113 
   -0.74     0.12        0        0     0.05     0.05  #HD134169 
   -0.42     0.27        0        0     0.03     0.03  #HD149996 
   -0.33    -0.02        0        0     0.06     0.06  #HD157466 
    -0.6      0.2        0        0     0.03     0.03  #HD158809 
   -0.73      0.3        0        0     0.07     0.07  #HD159482 
   -0.45     0.16        0        0     0.06     0.06  #HD16397 
   -0.61     0.25        0        0     0.04     0.04  #HD175179 
   -0.62      0.2        0        0     0.04     0.04  #HD17820 
   -1.07     0.13        0        0     0.05     0.05  #HD189558 
    -0.5    -0.01        0        0     0.04     0.04  #HD195633 
   -1.03     0.22        0        0     0.07     0.07  #HD201891 
   -0.41    -0.02        0        0     0.05     0.05  #HD207978 
   -0.55     0.23        0        0     0.04     0.04  #HD51754 
   -0.88     0.29        0        0     0.04     0.04  #HD59374 
   -0.79     0.09        0        0     0.06     0.06  #HD60319 
    -0.8     0.29        0        0     0.06     0.06  #HD64606 
   -0.85     0.23        0        0     0.04     0.04  #HD76932 
   -0.62     0.06        0        0     0.05     0.05  #HIP100394 
   -0.42     0.15        0        0     0.03     0.03  #HIP100405 
    -0.2     0.06        0        0     0.06     0.06  #HIP100412 
    0.15    -0.02        0        0     0.03     0.03  #HIP100942 
    0.09        0        0        0     0.04     0.04  #HIP100970 
    0.06     0.01        0        0     0.03     0.03  #HIP10116 
    0.32    -0.08        0        0     0.07     0.07  #HIP101399 
    0.06     0.02        0        0     0.04     0.04  #HIP101857 
    0.19    -0.02        0        0     0.03     0.03  #HIP102018 
   -0.99     0.24        0        0     0.03     0.03  #HIP102046 
    -0.4     0.04        0        0     0.04     0.04  #HIP102200 
    0.11     0.11        0        0     0.05     0.05  #HIP10225 
   -0.15        0        0        0     0.04     0.04  #HIP102264 
   -0.16    -0.03        0        0     0.03     0.03  #HIP102548 
    0.21    -0.04        0        0     0.12     0.12  #HIP102580 
   -0.18     0.02        0        0     0.03     0.03  #HIP102610 
    0.02    -0.06        0        0     0.04     0.04  #HIP102762 
   -0.52     0.18        0        0     0.04     0.04  #HIP102793 
   -0.23     0.24        0        0     0.05     0.05  #HIP102838 
   -0.09     0.06        0        0     0.06     0.06  #HIP10306 
   -0.53     0.22        0        0     0.04     0.04  #HIP103458 
   -1.05      0.2        0        0     0.06     0.06  #HIP103498 
   -0.59     0.18        0        0     0.03     0.03  #HIP103572 
   -0.23     0.31        0        0     0.08     0.08  #HIP103609 
    0.21     0.02        0        0     0.03     0.03  #HIP103654 
    0.38     0.07        0        0     0.05     0.05  #HIP103682 
    0.33     0.02        0        0     0.06     0.06  #HIP103692 
   -0.17      0.1        0        0     0.03     0.03  #HIP103735 
   -0.22     0.08        0        0     0.03     0.03  #HIP103773 
   -0.49    -0.13        0        0     0.05     0.05  #HIP103881 
   -0.16     0.06        0        0     0.02     0.02  #HIP103896 
    0.18     0.02        0        0     0.04     0.04  #HIP103990 
    0.11    -0.03        0        0     0.03     0.03  #HIP104045 
    0.06    -0.05        0        0     0.03     0.03  #HIP104075 
    0.22     0.03        0        0     0.04     0.04  #HIP104152 
   -0.37     0.04        0        0     0.04     0.04  #HIP104294 
   -0.43     0.11        0        0     0.04     0.04  #HIP104560 
    0.03    -0.01        0        0     0.03     0.03  #HIP104672 
   -0.13     0.04        0        0     0.05     0.05  #HIP104766 
   -0.07    -0.02        0        0     0.03     0.03  #HIP10483 
    0.41    -0.04        0        0     0.06     0.06  #HIP10492 
    0.13    -0.02        0        0     0.03     0.03  #HIP104922 
   -0.14        0        0        0     0.02     0.02  #HIP105083 
    0.13     0.09        0        0     0.03     0.03  #HIP105214 
     0.3     0.03        0        0     0.03     0.03  #HIP105521 
   -0.13     0.11        0        0     0.04     0.04  #HIP105541 
     0.4    -0.01        0        0     0.06     0.06  #HIP105606 
    -0.2     0.22        0        0     0.05     0.05  #HIP105790 
   -0.56      0.1        0        0     0.06     0.06  #HIP105858 
    0.24     0.02        0        0     0.05     0.05  #HIP106006 
   -0.56     0.26        0        0     0.03     0.03  #HIP106560 
    0.07     0.13        0        0     0.04     0.04  #HIP106678 
    0.16    -0.05        0        0     0.06     0.06  #HIP106701 
    -0.1     0.04        0        0     0.03     0.03  #HIP106931 
    0.18     0.04        0        0     0.04     0.04  #HIP10694 
   -0.18     0.08        0        0     0.02     0.02  #HIP106951 
   -0.69     0.27        0        0     0.05     0.05  #HIP107607 
   -0.23     0.05        0        0     0.03     0.03  #HIP107618 
   -0.37     0.12        0        0     0.03     0.03  #HIP107708 
   -0.69     0.31        0        0     0.04     0.04  #HIP107857 
   -0.18    -0.01        0        0     0.04     0.04  #HIP107877 
   -0.41      0.1        0        0     0.07     0.07  #HIP10798 
   -0.25     0.24        0        0     0.03     0.03  #HIP108068 
   -0.36    -0.01        0        0     0.05     0.05  #HIP108095 
    0.12      0.1        0        0     0.04     0.04  #HIP108158 
   -0.26     0.04        0        0     0.03     0.03  #HIP108288 
   -0.26     0.26        0        0     0.04     0.04  #HIP10842 
       0    -0.03        0        0     0.02     0.02  #HIP108468 
   -0.04     0.04        0        0     0.03     0.03  #HIP108473 
   -0.69      0.3        0        0     0.06     0.06  #HIP108598 
   -0.24     0.22        0        0     0.05     0.05  #HIP108736 
    0.23     0.01        0        0     0.08     0.08  #HIP109012 
    0.06    -0.02        0        0     0.03     0.03  #HIP109086 
    0.11    -0.09        0        0     0.03     0.03  #HIP109110 
   -0.03    -0.02        0        0     0.03     0.03  #HIP109144 
    0.29     0.09        0        0     0.14     0.14  #HIP109207 
   -0.07     0.08        0        0     0.03     0.03  #HIP109214 
   -0.32     0.12        0        0     0.04     0.04  #HIP109266 
    0.32     0.03        0        0     0.13     0.13  #HIP109378 
     0.2    -0.08        0        0     0.05     0.05  #HIP109381 
       0      0.1        0        0     0.05     0.05  #HIP109450 
   -0.12    -0.03        0        0     0.03     0.03  #HIP109650 
   -0.09    -0.01        0        0     0.07     0.07  #HIP10977 
   -0.06     0.07        0        0     0.04     0.04  #HIP109795 
   -0.01     0.07        0        0     0.05     0.05  #HIP109821 
    0.28    -0.03        0        0     0.04     0.04  #HIP110028 
   -0.08    -0.01        0        0     0.03     0.03  #HIP110035 
   -0.16     0.17        0        0     0.03     0.03  #HIP110084 
    -0.2     0.11        0        0     0.03     0.03  #HIP110102 
   -0.15     0.06        0        0     0.03     0.03  #HIP110109 
   -0.03    -0.09        0        0     0.04     0.04  #HIP110341 
   -0.18     0.01        0        0     0.02     0.02  #HIP110454 
   -0.74      0.3        0        0      0.1      0.1  #HIP110468 
    -0.2      0.2        0        0     0.05     0.05  #HIP110512 
    0.09    -0.04        0        0     0.02     0.02  #HIP110712 
    0.08     0.05        0        0     0.03     0.03  #HIP11072 
    0.38    -0.02        0        0     0.06     0.06  #HIP110843 
    -0.1     0.21        0        0     0.02     0.02  #HIP111274 
   -0.18     0.11        0        0     0.05     0.05  #HIP111312 
   -0.27     0.23        0        0     0.03     0.03  #HIP111517 
   -0.39     0.25        0        0     0.03     0.03  #HIP111565 
   -0.34     0.28        0        0     0.04     0.04  #HIP111648 
   -0.28     0.07        0        0     0.03     0.03  #HIP111746 
    0.29    -0.06        0        0     0.15     0.15  #HIP111978 
    0.05     0.02        0        0     0.04     0.04  #HIP11205 
    -0.4     0.31        0        0      0.1      0.1  #HIP112151 
    0.22     0.03        0        0     0.06     0.06  #HIP112201 
   -0.08     0.12        0        0     0.03     0.03  #HIP112243 
   -0.54     0.31        0        0     0.04     0.04  #HIP1128 
    0.34     0.07        0        0     0.04     0.04  #HIP113044 
   -0.28     0.05        0        0     0.07     0.07  #HIP11309 
   -0.05     0.01        0        0     0.03     0.03  #HIP113113 
    0.36     0.04        0        0     0.05     0.05  #HIP113137 
    0.31     0.02        0        0     0.06     0.06  #HIP113357 
    0.01     0.06        0        0     0.02     0.02  #HIP113386 
    0.41        0        0        0     0.11     0.11  #HIP113421 
   -0.18    -0.01        0        0     0.03     0.03  #HIP113454 
    -0.2     0.17        0        0     0.05     0.05  #HIP113543 
   -0.05     0.06        0        0     0.03     0.03  #HIP113677 
   -0.06    -0.01        0        0     0.02     0.02  #HIP113688 
   -0.18     0.22        0        0     0.06     0.06  #HIP113777 
     0.1     0.08        0        0     0.04     0.04  #HIP114040 
    0.12     0.01        0        0     0.03     0.03  #HIP114333 
    0.01    -0.02        0        0     0.03     0.03  #HIP114450 
    0.08    -0.02        0        0     0.08     0.08  #HIP114460 
    0.15     0.05        0        0     0.04     0.04  #HIP114576 
   -0.05        0        0        0     0.03     0.03  #HIP114584 
    0.26     0.04        0        0     0.05     0.05  #HIP114590 
    0.02    -0.09        0        0     0.03     0.03  #HIP114615 
   -0.28    -0.01        0        0     0.04     0.04  #HIP114702 
   -0.23     0.01        0        0     0.02     0.02  #HIP114709 
   -0.07     0.18        0        0     0.04     0.04  #HIP114743 
   -0.59    -0.03        0        0     0.15     0.15  #HIP114761 
   -0.02     0.08        0        0     0.06     0.06  #HIP115286 
   -0.34      0.1        0        0     0.04     0.04  #HIP115411 
    0.09     0.13        0        0     0.04     0.04  #HIP115577 
    0.04    -0.02        0        0     0.03     0.03  #HIP115662 
   -0.03    -0.01        0        0     0.08     0.08  #HIP115792 
    0.08     -0.1        0        0     0.04     0.04  #HIP115803 
    0.33    -0.01        0        0     0.13     0.13  #HIP115861 
   -0.45    -0.02        0        0     0.03     0.03  #HIP115917 
       0    -0.01        0        0     0.04     0.04  #HIP116033 
   -0.26      0.1        0        0     0.03     0.03  #HIP116410 
   -0.36     0.31        0        0     0.06     0.06  #HIP116421 
    0.02     0.04        0        0     0.03     0.03  #HIP116478 
    0.16     0.04        0        0      0.1      0.1  #HIP116740 
    0.09     0.01        0        0     0.03     0.03  #HIP116906 
    0.23    -0.07        0        0     0.05     0.05  #HIP117320 
    0.02     0.05        0        0     0.02     0.02  #HIP117364 
     0.3    -0.05        0        0     0.07     0.07  #HIP117526 
   -0.29     0.19        0        0     0.04     0.04  #HIP117627 
    0.26     0.01        0        0     0.04     0.04  #HIP117880 
    0.24     0.09        0        0     0.06     0.06  #HIP117902 
    0.11     0.06        0        0     0.03     0.03  #HIP117961 
   -0.01     0.08        0        0     0.05     0.05  #HIP118010 
    0.09     0.02        0        0     0.05     0.05  #HIP118115 
   -0.32     0.02        0        0     0.04     0.04  #HIP118141 
    0.15    -0.02        0        0     0.06     0.06  #HIP118143 
    0.19     0.06        0        0     0.04     0.04  #HIP12048 
    0.24     0.05        0        0     0.05     0.05  #HIP12186 
   -0.15    -0.04        0        0     0.04     0.04  #HIP12381 
   -0.05     0.08        0        0     0.04     0.04  #HIP12411 
    0.16    -0.13        0        0     0.04     0.04  #HIP12444 
   -0.63     0.17        0        0     0.05     0.05  #HIP12483 
    0.42     0.05        0        0     0.13     0.13  #HIP12611 
    0.32    -0.14        0        0     0.05     0.05  #HIP12653 
   -0.08     0.03        0        0     0.03     0.03  #HIP12889 
   -0.25     0.06        0        0     0.04     0.04  #HIP13315 
     0.1     0.05        0        0     0.03     0.03  #HIP13341 
   -0.09     0.03        0        0     0.03     0.03  #HIP13350 
   -0.35     0.26        0        0     0.07     0.07  #HIP13388 
   -0.45     0.03        0        0     0.04     0.04  #HIP1349 
    0.15     0.07        0        0     0.15     0.15  #HIP13513 
    0.32     0.06        0        0     0.12     0.12  #HIP13848 
   -0.19     0.01        0        0     0.04     0.04  #HIP13902 
    0.14    -0.06        0        0     0.06     0.06  #HIP13938 
   -0.11     0.24        0        0     0.03     0.03  #HIP14016 
    0.23    -0.02        0        0     0.28     0.28  #HIP14023 
   -0.34     0.31        0        0     0.03     0.03  #HIP14241 
    0.03    -0.04        0        0     0.03     0.03  #HIP14339 
    0.36     0.06        0        0     0.04     0.04  #HIP14561 
   -0.11     0.02        0        0     0.05     0.05  #HIP14879 
    0.35    -0.01        0        0     0.05     0.05  #HIP14954 
   -0.37     0.02        0        0     0.06     0.06  #HIP15131 
   -0.01    -0.03        0        0     0.04     0.04  #HIP15158 
   -0.16     0.05        0        0     0.03     0.03  #HIP15371 
    0.14     0.03        0        0     0.03     0.03  #HIP15381 
   -0.34     0.29        0        0     0.08     0.08  #HIP15510 
   -0.36      0.2        0        0     0.04     0.04  #HIP15940 
   -0.12     0.05        0        0     0.03     0.03  #HIP1599 
   -0.49     0.22        0        0     0.03     0.03  #HIP16169 
   -0.36     0.13        0        0     0.03     0.03  #HIP16365 
    0.01     0.14        0        0     0.03     0.03  #HIP16391 
   -0.47      0.3        0        0     0.04     0.04  #HIP16492 
   -0.25     0.11        0        0     0.06     0.06  #HIP16788 
    0.04     0.04        0        0     0.03     0.03  #HIP16852 
    0.26     0.03        0        0     0.18     0.18  #HIP17378 
   -0.37     0.24        0        0     0.04     0.04  #HIP1746 
   -0.38      0.1        0        0     0.03     0.03  #HIP17970 
   -0.42     0.25        0        0     0.02     0.02  #HIP17987 
   -0.47    -0.47        0        0      0.1      0.1  #HIP18164 
    0.21        0        0        0     0.04     0.04  #HIP18331 
   -0.06     0.02        0        0     0.03     0.03  #HIP18612 
   -0.22     0.15        0        0     0.05     0.05  #HIP1877 
   -0.86     0.15        0        0     0.05     0.05  #HIP18802 
   -0.45     0.17        0        0     0.18     0.18  #HIP18833 
    0.01        0        0        0     0.03     0.03  #HIP19233 
     0.4    -0.01        0        0     0.04     0.04  #HIP1931 
    0.04    -0.01        0        0     0.02     0.02  #HIP1955 
    0.25     0.01        0        0     0.04     0.04  #HIP1976 
   -0.46    -0.09        0        0     0.03     0.03  #HIP19773 
   -0.07     0.12        0        0     0.03     0.03  #HIP20199 
       0     0.09        0        0     0.03     0.03  #HIP2021 
   -0.16     0.18        0        0     0.06     0.06  #HIP20242 
    0.35    -0.03        0        0     0.05     0.05  #HIP20489 
   -0.11     0.09        0        0     0.04     0.04  #HIP2057 
   -0.37     0.24        0        0     0.03     0.03  #HIP20638 
   -0.24     0.19        0        0     0.02     0.02  #HIP20677 
   -0.02    -0.11        0        0     0.04     0.04  #HIP21079 
    0.31    -0.03        0        0     0.08     0.08  #HIP21731 
   -0.52     0.24        0        0     0.06     0.06  #HIP21832 
   -0.08     0.03        0        0     0.04     0.04  #HIP21839 
   -0.48     0.23        0        0     0.04     0.04  #HIP2194 
    0.15     0.03        0        0     0.03     0.03  #HIP22162 
    0.09    -0.05        0        0     0.06     0.06  #HIP22263 
    0.23     0.01        0        0     0.04     0.04  #HIP22278 
    0.26     -0.1        0        0     0.06     0.06  #HIP22325 
    0.33      0.1        0        0     0.04     0.04  #HIP22336 
   -0.28     0.21        0        0     0.03     0.03  #HIP22349 
   -0.22     -0.1        0        0     0.03     0.03  #HIP2235 
    0.14    -0.04        0        0     0.03     0.03  #HIP22395 
   -0.05     0.08        0        0     0.03     0.03  #HIP22824 
   -0.48     0.02        0        0     0.03     0.03  #HIP2319 
   -0.11     0.14        0        0     0.03     0.03  #HIP23383 
    0.27    -0.03        0        0     0.05     0.05  #HIP23555 
   -0.17     0.08        0        0     0.04     0.04  #HIP23941 
   -0.39     0.24        0        0     0.05     0.05  #HIP24037 
   -0.28     0.07        0        0     0.04     0.04  #HIP24682 
   -0.19      0.2        0        0     0.03     0.03  #HIP24722 
   -0.17     0.06        0        0     0.14     0.14  #HIP24819 
    0.12    -0.03        0        0     0.02     0.02  #HIP24829 
    0.07    -0.08        0        0     0.05     0.05  #HIP25209 
   -0.33      0.2        0        0     0.03     0.03  #HIP25528 
   -0.12     0.06        0        0     0.03     0.03  #HIP25905 
   -0.33     0.13        0        0     0.04     0.04  #HIP26273 
   -0.29     0.15        0        0     0.05     0.05  #HIP26828 
    0.03     0.01        0        0     0.06     0.06  #HIP27072 
   -0.57      0.3        0        0     0.05     0.05  #HIP27080 
    0.12    -0.06        0        0     0.08     0.08  #HIP2711 
   -0.81     0.22        0        0     0.07     0.07  #HIP27128 
   -0.36      0.2        0        0     0.08     0.08  #HIP2743 
   -0.04    -0.09        0        0     0.06     0.06  #HIP2787 
    0.08        0        0        0     0.46     0.46  #HIP27910 
       0     0.11        0        0     0.05     0.05  #HIP28044 
   -0.09     0.18        0        0     0.03     0.03  #HIP28066 
   -0.34     0.23        0        0     0.04     0.04  #HIP28159 
   -0.07     0.15        0        0     0.03     0.03  #HIP28267 
   -0.08    -0.25        0        0     0.09     0.09  #HIP28369 
   -0.25     0.11        0        0     0.04     0.04  #HIP28403 
   -1.02    -0.03        0        0     0.05     0.05  #HIP28671 
   -0.08     0.14        0        0     0.04     0.04  #HIP2909 
    0.16        0        0        0      0.1      0.1  #HIP29271 
       0     0.01        0        0     0.03     0.03  #HIP29716 
    0.13     0.08        0        0     0.05     0.05  #HIP30158 
   -0.49     0.26        0        0     0.04     0.04  #HIP30439 
    0.01     0.16        0        0     0.03     0.03  #HIP30476 
     0.3    -0.01        0        0     0.07     0.07  #HIP30480 
    0.24      0.1        0        0     0.05     0.05  #HIP305 
    0.12    -0.02        0        0     0.06     0.06  #HIP30503 
    0.06     0.05        0        0     0.03     0.03  #HIP30545 
   -0.37     0.13        0        0     0.03     0.03  #HIP31030 
   -0.32     0.05        0        0     0.03     0.03  #HIP3142 
   -0.16     0.12        0        0     0.04     0.04  #HIP3170 
    -0.2     0.22        0        0     0.02     0.02  #HIP3182 
   -0.52     0.31        0        0     0.07     0.07  #HIP3185 
    -0.2     0.24        0        0     0.03     0.03  #HIP32649 
     0.1     0.12        0        0     0.06     0.06  #HIP33094 
   -0.58    -0.01        0        0     0.07     0.07  #HIP33220 
   -0.61     0.19        0        0     0.04     0.04  #HIP33324 
   -0.17     0.15        0        0     0.04     0.04  #HIP33642 
    0.25     0.02        0        0     0.05     0.05  #HIP3391 
   -0.06     0.03        0        0     0.07     0.07  #HIP34017 
   -0.06     0.08        0        0     0.05     0.05  #HIP34028 
   -0.18     0.08        0        0     0.03     0.03  #HIP34065 
   -0.21     0.11        0        0     0.03     0.03  #HIP34069 
    0.02    -0.08        0        0     0.03     0.03  #HIP34212 
    0.04     0.01        0        0     0.07     0.07  #HIP34254 
   -0.91    -0.23        0        0     0.04     0.04  #HIP34285 
   -0.19     0.01        0        0     0.04     0.04  #HIP34410 
   -0.03    -0.06        0        0     0.03     0.03  #HIP34511 
   -0.25     0.21        0        0     0.04     0.04  #HIP34739 
   -0.16     0.08        0        0     0.04     0.04  #HIP3479 
   -0.33     0.25        0        0     0.03     0.03  #HIP34961 
   -0.24     0.22        0        0     0.04     0.04  #HIP3497 
   -0.44     0.05        0        0     0.05     0.05  #HIP35139 
   -0.14    -0.02        0        0     0.03     0.03  #HIP35148 
   -0.46     0.05        0        0     0.05     0.05  #HIP35318 
    0.05      0.1        0        0     0.06     0.06  #HIP35718 
    0.09    -0.05        0        0     0.17     0.17  #HIP35750 
    0.13     0.05        0        0     0.05     0.05  #HIP36210 
    0.09    -0.08        0        0     0.04     0.04  #HIP36515 
   -0.04     -0.1        0        0     0.02     0.02  #HIP36795 
    0.21     0.07        0        0     0.13     0.13  #HIP36855 
    0.04     0.06        0        0     0.05     0.05  #HIP36874 
    0.28    -0.02        0        0     0.05     0.05  #HIP36993 
   -0.29     0.04        0        0     0.06     0.06  #HIP3704 
    0.22     0.04        0        0     0.06     0.06  #HIP37171 
   -0.39     0.26        0        0     0.04     0.04  #HIP37233 
    0.02    -0.03        0        0     0.05     0.05  #HIP3734 
   -0.25     0.05        0        0     0.03     0.03  #HIP37419 
    0.47    -0.04        0        0     0.07     0.07  #HIP37520 
   -0.57     0.06        0        0     0.06     0.06  #HIP37789 
   -0.74     0.23        0        0     0.04     0.04  #HIP37853 
   -0.82     0.21        0        0     0.05     0.05  #HIP38134 
   -0.28      0.2        0        0     0.03     0.03  #HIP38750 
    0.02     0.12        0        0     0.03     0.03  #HIP38782 
   -0.12     0.04        0        0     0.02     0.02  #HIP38862 
   -0.31     0.02        0        0     0.08     0.08  #HIP38926 
    0.03    -0.08        0        0     0.06     0.06  #HIP3909 
   -0.75     0.22        0        0     0.05     0.05  #HIP39911 
   -0.56     0.34        0        0     0.06     0.06  #HIP40613 
    0.21    -0.07        0        0     0.05     0.05  #HIP407 
    0.32     0.03        0        0     0.06     0.06  #HIP40761 
   -0.26     0.18        0        0     0.03     0.03  #HIP40794 
    0.03    -0.04        0        0     0.03     0.03  #HIP41471 
    0.23    -0.01        0        0     0.07     0.07  #HIP42356 
    0.04    -0.01        0        0     0.03     0.03  #HIP42612 
   -0.48     0.26        0        0     0.06     0.06  #HIP42734 
   -0.28      0.2        0        0     0.03     0.03  #HIP42889 
    0.04     0.02        0        0     0.03     0.03  #HIP43054 
   -0.49     0.28        0        0     0.04     0.04  #HIP43393 
    0.18     0.04        0        0     0.03     0.03  #HIP44319 
   -0.01    -0.12        0        0     0.04     0.04  #HIP44441 
    0.22     0.08        0        0     0.05     0.05  #HIP44713 
   -0.08    -0.02        0        0      0.1      0.1  #HIP44821 
   -0.39     0.28        0        0     0.05     0.05  #HIP44860 
   -0.16     0.01        0        0     0.02     0.02  #HIP44896 
    0.21    -0.01        0        0     0.03     0.03  #HIP44915 
   -0.11     0.27        0        0     0.05     0.05  #HIP44927 
   -0.56     0.09        0        0     0.05     0.05  #HIP45283 
    -0.2     0.21        0        0     0.03     0.03  #HIP45514 
    -0.4     0.07        0        0     0.04     0.04  #HIP45733 
    0.02     0.13        0        0     0.04     0.04  #HIP46685 
       0        0        0        0     0.03     0.03  #HIP46888 
   -0.44    -0.16        0        0     0.06     0.06  #HIP47048 
   -0.32     0.18        0        0     0.03     0.03  #HIP47588 
    0.18     0.01        0        0     0.03     0.03  #HIP4830 
    0.18     0.05        0        0     0.03     0.03  #HIP48468 
   -0.23     0.05        0        0     0.04     0.04  #HIP4892 
   -0.11     0.12        0        0     0.02     0.02  #HIP49285 
   -0.56     0.27        0        0     0.04     0.04  #HIP49793 
   -0.19     0.27        0        0     0.06     0.06  #HIP49942 
   -0.36     0.03        0        0     0.04     0.04  #HIP49988 
   -0.24     0.06        0        0     0.04     0.04  #HIP50274 
    0.13     0.03        0        0     0.04     0.04  #HIP50316 
   -0.55     0.26        0        0     0.04     0.04  #HIP5054 
   -0.32    -0.05        0        0     0.04     0.04  #HIP50671 
   -0.01        0        0        0     0.08     0.08  #HIP50713 
   -0.23    -0.11        0        0     0.05     0.05  #HIP50834 
    0.39    -0.03        0        0     0.03     0.03  #HIP50907 
   -0.64     0.28        0        0     0.03     0.03  #HIP50941 
   -0.61    -0.17        0        0     0.13     0.13  #HIP51028 
    0.32     0.05        0        0     0.04     0.04  #HIP51078 
   -0.93     0.08        0        0     0.03     0.03  #HIP51477 
    0.26     0.01        0        0     0.04     0.04  #HIP51579 
    0.22     0.06        0        0     0.03     0.03  #HIP51614 
    -0.1     0.05        0        0     0.05     0.05  #HIP51933 
   -0.34      0.3        0        0     0.04     0.04  #HIP51938 
   -0.39     0.14        0        0     0.06     0.06  #HIP52247 
    0.04     0.04        0        0     0.05     0.05  #HIP52325 
   -0.38      0.2        0        0     0.09     0.09  #HIP52564 
    0.07     0.03        0        0     0.04     0.04  #HIP5264 
    0.12    -0.03        0        0     0.03     0.03  #HIP52990 
   -0.03    -0.01        0        0     0.03     0.03  #HIP5301 
   -0.45     0.22        0        0     0.03     0.03  #HIP53122 
   -0.49     0.29        0        0     0.03     0.03  #HIP53311 
    0.17        0        0        0     0.25     0.25  #HIP53719 
   -0.24    -0.05        0        0     0.06     0.06  #HIP53765 
     0.2     0.09        0        0     0.05     0.05  #HIP53982 
   -0.48     0.33        0        0     0.05     0.05  #HIP54043 
   -0.38     0.12        0        0     0.03     0.03  #HIP54469 
   -0.31     0.19        0        0     0.04     0.04  #HIP54779 
   -0.72     0.29        0        0     0.05     0.05  #HIP54924 
   -0.15     0.12        0        0     0.08     0.08  #HIP55210 
    0.26    -0.02        0        0     0.04     0.04  #HIP55278 
   -0.96    -0.03        0        0     0.03     0.03  #HIP55592 
   -0.97     0.13        0        0     0.07     0.07  #HIP55805 
    0.19     0.05        0        0     0.04     0.04  #HIP56004 
   -0.35     0.01        0        0     0.05     0.05  #HIP56336 
   -0.05    -0.04        0        0     0.03     0.03  #HIP56389 
   -0.31     0.12        0        0     0.04     0.04  #HIP56452 
   -0.01     0.01        0        0     0.04     0.04  #HIP56557 
   -0.62    -0.12        0        0     0.03     0.03  #HIP56664 
   -0.75     0.32        0        0     0.04     0.04  #HIP56830 
   -0.28     0.17        0        0     0.04     0.04  #HIP56845 
   -0.33     0.15        0        0     0.04     0.04  #HIP56868 
    0.12     0.04        0        0     0.03     0.03  #HIP5700 
   -0.38    -0.02        0        0     0.02     0.02  #HIP57017 
   -0.28     0.02        0        0     0.03     0.03  #HIP57216 
   -1.09     0.19        0        0     0.05     0.05  #HIP58145 
   -0.61     0.28        0        0     0.05     0.05  #HIP58153 
    0.02     0.18        0        0     0.06     0.06  #HIP5817 
   -0.72     0.25        0        0     0.07     0.07  #HIP58401 
     0.2     0.02        0        0     0.03     0.03  #HIP58517 
    0.33        0        0        0     0.24     0.24  #HIP58576 
    0.24    -0.01        0        0     0.05     0.05  #HIP5862 
   -0.76     0.19        0        0     0.05     0.05  #HIP58843 
   -0.12     0.05        0        0     0.06     0.06  #HIP58950 
   -0.79    -0.08        0        0     0.11     0.11  #HIP58962 
   -0.03     0.08        0        0     0.03     0.03  #HIP59021 
   -0.52     0.04        0        0     0.03     0.03  #HIP59380 
   -1.38     0.54        0        0     0.11     0.11  #HIP59490 
    0.16     0.03        0        0     0.05     0.05  #HIP59532 
   -0.02     0.01        0        0     0.14     0.14  #HIP59639 
   -0.65     0.35        0        0     0.05     0.05  #HIP59696 
   -0.67     0.25        0        0     0.06     0.06  #HIP59699 
   -0.27    -0.06        0        0     0.07     0.07  #HIP60019 
    0.18    -0.11        0        0     0.04     0.04  #HIP60288 
   -0.44     0.17        0        0     0.09     0.09  #HIP60462 
   -0.35     0.14        0        0     0.03     0.03  #HIP60574 
    0.16     0.06        0        0     0.04     0.04  #HIP60729 
   -0.54    -0.21        0        0     0.03     0.03  #HIP60825 
    -0.6     0.24        0        0     0.05     0.05  #HIP60956 
   -0.05     0.03        0        0     0.08     0.08  #HIP6177 
   -1.18    -0.03        0        0     0.16     0.16  #HIP61802 
   -0.52     0.15        0        0     0.03     0.03  #HIP61971 
   -0.35     0.26        0        0     0.04     0.04  #HIP62534 
   -0.51     0.19        0        0     0.05     0.05  #HIP62607 
    -0.7     0.11        0        0     0.04     0.04  #HIP62809 
    0.21     0.01        0        0     0.04     0.04  #HIP62857 
   -0.04     0.15        0        0     0.08     0.08  #HIP63548 
   -0.57     0.22        0        0     0.04     0.04  #HIP63918 
   -0.52     0.25        0        0     0.04     0.04  #HIP64345 
    0.18     0.05        0        0     0.04     0.04  #HIP64408 
   -0.36     0.13        0        0     0.04     0.04  #HIP64444 
   -0.26     0.11        0        0     0.03     0.03  #HIP64459 
    0.08    -0.01        0        0     0.04     0.04  #HIP64673 
   -0.04      0.1        0        0     0.03     0.03  #HIP64698 
   -0.07     0.01        0        0     0.05     0.05  #HIP64706 
   -0.14     0.05        0        0     0.08     0.08  #HIP64747 
    0.31     0.02        0        0     0.04     0.04  #HIP64792 
   -0.37     0.35        0        0     0.06     0.06  #HIP64920 
    0.07     0.05        0        0     0.05     0.05  #HIP64924 
   -0.34     0.24        0        0     0.03     0.03  #HIP6607 
   -0.14     0.09        0        0     0.02     0.02  #HIP66238 
     0.3    -0.02        0        0     0.03     0.03  #HIP6653 
   -0.57     0.26        0        0     0.06     0.06  #HIP66814 
    0.37     0.02        0        0     0.05     0.05  #HIP67371 
    0.41     0.03        0        0     0.06     0.06  #HIP67534 
   -0.05    -0.08        0        0     0.05     0.05  #HIP67784 
   -0.68     0.27        0        0     0.03     0.03  #HIP67863 
   -0.34     0.23        0        0     0.03     0.03  #HIP68273 
    0.14     0.01        0        0     0.03     0.03  #HIP68468 
   -0.07    -0.02        0        0     0.09     0.09  #HIP6856 
   -0.04        0        0        0     0.04     0.04  #HIP69220 
   -0.42     0.26        0        0     0.04     0.04  #HIP6949 
    0.07    -0.04        0        0     0.05     0.05  #HIP69645 
   -0.57     0.19        0        0     0.06     0.06  #HIP69780 
    0.02    -0.03        0        0     0.02     0.02  #HIP69796 
   -0.16    -0.01        0        0     0.05     0.05  #HIP699 
   -0.59     0.15        0        0     0.04     0.04  #HIP70140 
   -0.51      0.2        0        0     0.05     0.05  #HIP70182 
    0.16     0.02        0        0     0.03     0.03  #HIP70330 
    0.44     0.01        0        0     0.06     0.06  #HIP7080 
   -0.58     0.24        0        0     0.04     0.04  #HIP70829 
    0.12     0.02        0        0     0.07     0.07  #HIP7091 
   -0.68     0.23        0        0     0.06     0.06  #HIP70922 
   -0.28     0.21        0        0     0.04     0.04  #HIP71019 
   -0.18    -0.18        0        0     0.03     0.03  #HIP71284 
   -0.56     0.05        0        0     0.19     0.19  #HIP71470 
   -0.24     0.17        0        0     0.04     0.04  #HIP71735 
   -0.61    -0.07        0        0     0.08     0.08  #HIP71844 
    0.04     0.08        0        0     0.11     0.11  #HIP72479 
   -0.51     0.14        0        0     0.06     0.06  #HIP72673 
   -0.06     0.02        0        0     0.13     0.13  #HIP72688 
    0.32    -0.01        0        0     0.06     0.06  #HIP7276 
   -0.42      0.1        0        0     0.09     0.09  #HIP72797 
   -0.89     0.12        0        0     0.04     0.04  #HIP73444 
   -0.03     0.01        0        0     0.03     0.03  #HIP73650 
    0.13    -0.04        0        0     0.05     0.05  #HIP74389 
    0.34     0.03        0        0     0.05     0.05  #HIP74500 
   -0.08     0.19        0        0     0.05     0.05  #HIP74537 
   -0.47     0.15        0        0     0.05     0.05  #HIP74831 
   -0.39     0.15        0        0     0.05     0.05  #HIP75023 
   -0.23     0.19        0        0     0.05     0.05  #HIP75181 
    0.25     0.04        0        0     0.03     0.03  #HIP75206 
   -0.61    -0.17        0        0     0.05     0.05  #HIP75487 
   -0.57      0.1        0        0     0.04     0.04  #HIP76226 
       0     -0.1        0        0     0.04     0.04  #HIP76394 
    0.11     0.01        0        0     0.04     0.04  #HIP768 
    -0.1     0.03        0        0     0.03     0.03  #HIP76899 
    0.07     0.08        0        0     0.03     0.03  #HIP76984 
    0.21     0.03        0        0     0.07     0.07  #HIP77358 
    -0.6     0.22        0        0     0.05     0.05  #HIP77439 
    0.15    -0.06        0        0     0.04     0.04  #HIP77536 
   -0.81      0.2        0        0     0.06     0.06  #HIP77637 
    0.31    -0.02        0        0      0.1      0.1  #HIP77641 
   -0.83     0.14        0        0     0.04     0.04  #HIP78267 
   -0.39     0.24        0        0     0.03     0.03  #HIP78330 
   -0.04     0.06        0        0     0.03     0.03  #HIP78425 
    0.02    -0.01        0        0     0.04     0.04  #HIP78551 
   -0.18      0.2        0        0     0.04     0.04  #HIP78556 
   -0.96     0.35        0        0     0.04     0.04  #HIP78917 
    0.42        0        0        0     0.06     0.06  #HIP78955 
    0.15     0.02        0        0     0.03     0.03  #HIP79073 
    0.31     0.07        0        0      0.5      0.5  #HIP79137 
   -0.27     0.07        0        0     0.04     0.04  #HIP79138 
   -0.68     0.25        0        0     0.04     0.04  #HIP79576 
   -0.55     0.34        0        0     0.04     0.04  #HIP7961 
    0.01        0        0        0     0.03     0.03  #HIP79715 
    0.12     -0.1        0        0     0.03     0.03  #HIP7978 
    0.15     0.02        0        0     0.03     0.03  #HIP79792 
   -0.53     0.22        0        0     0.04     0.04  #HIP80 
   -0.03     0.14        0        0     0.04     0.04  #HIP80013 
    -0.4     0.13        0        0     0.09     0.09  #HIP80043 
   -0.59     0.11        0        0     0.06     0.06  #HIP80114 
   -0.58     0.28        0        0     0.06     0.06  #HIP80221 
    0.14    -0.11        0        0     0.06     0.06  #HIP80337 
   -0.61     0.24        0        0     0.03     0.03  #HIP80423 
   -0.63     0.23        0        0     0.05     0.05  #HIP80587 
    0.04    -0.08        0        0     0.04     0.04  #HIP80686 
    0.12     0.01        0        0     0.07     0.07  #HIP80700 
   -0.25     0.03        0        0     0.03     0.03  #HIP80722 
   -0.51     0.21        0        0     0.04     0.04  #HIP81041 
    0.33    -0.05        0        0     0.06     0.06  #HIP81269 
    0.09    -0.03        0        0      0.1      0.1  #HIP81300 
   -0.37     0.04        0        0     0.05     0.05  #HIP81520 
   -0.59    -0.03        0        0     0.05     0.05  #HIP81580 
    0.05     0.05        0        0     0.04     0.04  #HIP81603 
   -0.25     0.26        0        0     0.05     0.05  #HIP81749 
    0.33     0.13        0        0     0.09     0.09  #HIP81952 
   -0.48     0.02        0        0     0.06     0.06  #HIP82062 
    0.13     0.07        0        0     0.07     0.07  #HIP82265 
       0    -0.02        0        0     0.08     0.08  #HIP82588 
    0.26     0.06        0        0     0.04     0.04  #HIP82621 
   -0.25     0.04        0        0     0.03     0.03  #HIP83204 
   -0.43     0.26        0        0     0.05     0.05  #HIP83229 
   -0.09     0.02        0        0     0.03     0.03  #HIP83241 
       0    -0.05        0        0     0.04     0.04  #HIP83276 
   -0.28    -0.05        0        0     0.04     0.04  #HIP83301 
   -0.21     0.16        0        0     0.03     0.03  #HIP83489 
   -0.15      0.2        0        0     0.02     0.02  #HIP83562 
    0.19    -0.11        0        0     0.05     0.05  #HIP83601 
   -0.16    -0.13        0        0     0.07     0.07  #HIP83867 
    0.27     0.08        0        0     0.04     0.04  #HIP8398 
   -0.46     0.07        0        0     0.04     0.04  #HIP84255 
    0.17     0.02        0        0     0.02     0.02  #HIP84551 
    0.35     0.02        0        0     0.07     0.07  #HIP84636 
   -0.18     0.21        0        0     0.03     0.03  #HIP84781 
   -0.33     0.23        0        0     0.03     0.03  #HIP84803 
   -0.44     0.27        0        0     0.06     0.06  #HIP84905 
    0.02    -0.01        0        0     0.04     0.04  #HIP84907 
    0.12     0.01        0        0     0.03     0.03  #HIP8498 
   -0.62     0.21        0        0     0.06     0.06  #HIP84988 
    0.07     0.06        0        0     0.08     0.08  #HIP85042 
   -0.06     0.08        0        0     0.07     0.07  #HIP85320 
    0.28     0.17        0        0     0.04     0.04  #HIP85474 
   -0.55    -0.22        0        0     0.12     0.12  #HIP85963 
    0.17    -0.03        0        0     0.04     0.04  #HIP85969 
    0.12     0.05        0        0     0.04     0.04  #HIP86193 
   -0.17     0.07        0        0     0.04     0.04  #HIP86516 
    0.35     0.04        0        0     0.06     0.06  #HIP86731 
   -0.51     0.22        0        0     0.04     0.04  #HIP8674 
    0.33     0.05        0        0     0.06     0.06  #HIP86796 
    -1.5     0.27        0        0     0.25     0.25  #HIP87101 
     0.2     0.08        0        0     0.04     0.04  #HIP87154 
    0.04    -0.01        0        0     0.03     0.03  #HIP87443 
   -0.28     0.05        0        0     0.04     0.04  #HIP87523 
   -0.05     0.01        0        0     0.03     0.03  #HIP87533 
   -0.79     0.26        0        0     0.05     0.05  #HIP87539 
    0.07    -0.04        0        0     0.03     0.03  #HIP8758 
    0.21     0.06        0        0     0.16     0.16  #HIP87679 
     0.1    -0.03        0        0     0.03     0.03  #HIP87769 
    0.19    -0.01        0        0     0.04     0.04  #HIP87841 
   -0.15      0.2        0        0     0.02     0.02  #HIP8798 
   -0.25        0        0        0     0.02     0.02  #HIP8859 
   -0.33      0.2        0        0     0.06     0.06  #HIP88622 
    0.36    -0.02        0        0     0.05     0.05  #HIP88631 
     0.1    -0.05        0        0     0.09     0.09  #HIP88945 
    0.05    -0.05        0        0     0.03     0.03  #HIP89036 
    0.09    -0.02        0        0     0.04     0.04  #HIP89076 
    0.15    -0.05        0        0     0.04     0.04  #HIP89105 
    0.12    -0.07        0        0     0.03     0.03  #HIP89207 
   -0.24     0.22        0        0     0.03     0.03  #HIP89583 
       0     0.03        0        0     0.02     0.02  #HIP89589 
   -0.47     0.23        0        0     0.03     0.03  #HIP89733 
    0.01     0.03        0        0     0.05     0.05  #HIP89881 
   -0.43     0.02        0        0     0.07     0.07  #HIP89952 
   -0.05     0.19        0        0     0.03     0.03  #HIP90004 
    0.37     0.04        0        0     0.19     0.19  #HIP90151 
   -0.93    -0.23        0        0     0.14     0.14  #HIP90261 
    -0.1     0.06        0        0     0.05     0.05  #HIP90365 
   -0.39     0.24        0        0     0.03     0.03  #HIP90442 
    0.25    -0.01        0        0     0.05     0.05  #HIP90485 
   -0.14     0.19        0        0     0.03     0.03  #HIP90539 
   -0.18    -0.06        0        0     0.08     0.08  #HIP9085 
     0.3        0        0        0     0.04     0.04  #HIP90896 
   -0.28        0        0        0     0.04     0.04  #HIP910 
   -0.14    -0.24        0        0     0.03     0.03  #HIP91089 
    -0.2     0.11        0        0     0.03     0.03  #HIP91095 
    0.29    -0.03        0        0     0.15     0.15  #HIP91360 
   -0.27     0.04        0        0     0.04     0.04  #HIP9137 
   -0.19     0.07        0        0     0.04     0.04  #HIP91438 
    -0.2     0.14        0        0     0.07     0.07  #HIP91471 
    0.21    -0.03        0        0     0.07     0.07  #HIP91582 
       0    -0.05        0        0     0.04     0.04  #HIP92270 
   -0.14      0.2        0        0     0.03     0.03  #HIP92288 
    0.15    -0.02        0        0     0.05     0.05  #HIP92864 
   -0.03     0.04        0        0     0.02     0.02  #HIP92880 
   -0.49     0.23        0        0     0.03     0.03  #HIP92973 
    0.17     0.05        0        0     0.03     0.03  #HIP9316 
   -0.22    -0.01        0        0     0.05     0.05  #HIP93185 
    0.02     0.03        0        0     0.03     0.03  #HIP93377 
   -0.68     0.24        0        0     0.05     0.05  #HIP93507 
   -0.19     0.22        0        0     0.02     0.02  #HIP9381 
     0.3    -0.01        0        0     0.05     0.05  #HIP93889 
    0.21     0.04        0        0     0.05     0.05  #HIP93966 
   -0.56    -0.18        0        0      0.1      0.1  #HIP94347 
     0.3    -0.08        0        0     0.05     0.05  #HIP94645 
    -0.1     0.15        0        0     0.02     0.02  #HIP94678 
    0.11     0.16        0        0     0.06     0.06  #HIP9471 
    0.05    -0.05        0        0     0.03     0.03  #HIP950 
    -0.1    -0.09        0        0     0.04     0.04  #HIP95106 
   -0.43      0.2        0        0     0.04     0.04  #HIP95262 
    0.48     0.01        0        0     0.07     0.07  #HIP95447 
   -0.13     0.18        0        0     0.04     0.04  #HIP96124 
    0.06    -0.09        0        0     0.03     0.03  #HIP96160 
    0.03    -0.01        0        0     0.05     0.05  #HIP96258 
   -0.17     0.13        0        0     0.04     0.04  #HIP9629 
    0.22     0.03        0        0      0.1      0.1  #HIP96425 
    0.15    -0.02        0        0     0.04     0.04  #HIP96536 
    0.21     0.05        0        0     0.07     0.07  #HIP96854 
    0.15     0.01        0        0     0.05     0.05  #HIP96881 
   -0.14     0.21        0        0     0.02     0.02  #HIP97024 
    0.27     0.05        0        0     0.04     0.04  #HIP97213 
    0.06    -0.08        0        0     0.03     0.03  #HIP97358 
     0.2    -0.02        0        0     0.05     0.05  #HIP97676 
    0.19    -0.05        0        0     0.03     0.03  #HIP97779 
    0.01     0.16        0        0     0.04     0.04  #HIP9818 
   -0.57    -0.06        0        0     0.03     0.03  #HIP98355 
    0.01     0.05        0        0     0.03     0.03  #HIP98416 
   -0.43    -0.12        0        0     0.05     0.05  #HIP98565 
    0.34     0.01        0        0     0.11     0.11  #HIP98767 
    0.11    -0.02        0        0     0.05     0.05  #HIP98785 
    0.17     0.12        0        0     0.12     0.12  #HIP98964 
    0.01     0.12        0        0     0.04     0.04  #HIP99100 
    0.15     0.06        0        0     0.03     0.03  #HIP9911 
   -0.27     0.23        0        0     0.03     0.03  #HIP99139 
    0.26    -0.07        0        0     0.06     0.06  #HIP99174 
    0.01      0.1        0        0     0.04     0.04  #HIP99224 
    0.44     0.04        0        0     0.14     0.14  #HIP99240 
   -0.16     0.11        0        0     0.02     0.02  #HIP99551 
   -0.23     0.04        0        0     0.03     0.03  #HIP99799 
   -0.03    -0.04        0        0        0        0  #HD101501 
     0.2     0.04        0        0        0        0  #HD102634 
    0.13     0.03        0        0        0        0  #HD102870 
    0.06        0        0        0        0        0  #HD10307 
    0.25     0.11        0        0        0        0  #HD104304 
   -0.01     0.05        0        0        0        0  #HD10476 
    0.13     0.07        0        0        0        0  #HD10697 
   -0.43     0.23        0        0        0        0  #HD10700 
    0.26        0        0        0        0        0  #HD107213 
     0.1    -0.03        0        0        0        0  #HD10780 
   -0.22     0.05        0        0        0        0  #HD109358 
    -0.5     0.11        0        0        0        0  #HD110897 
     0.1    -0.07        0        0        0        0  #HD111395 
   -0.12     0.02        0        0        0        0  #HD114642 
     0.1    -0.03        0        0        0        0  #HD114710 
   -0.33     0.19        0        0        0        0  #HD114946 
    0.21     0.03        0        0        0        0  #HD115383 
    0.11        0        0        0        0        0  #HD115617 
   -0.11     0.12        0        0        0        0  #HD117176 
    0.28     0.02        0        0        0        0  #HD120136 
    0.29     0.09        0        0        0        0  #HD121370 
       0     0.05        0        0        0        0  #HD122742 
    0.05     0.06        0        0        0        0  #HD123 
    0.07     0.06        0        0        0        0  #HD124570 
   -0.01      0.1        0        0        0        0  #HD124850 
    0.25     0.07        0        0        0        0  #HD125184 
    0.22     0.02        0        0        0        0  #HD127334 
   -0.29    -0.06        0        0        0        0  #HD128167 
   -0.13     0.01        0        0        0        0  #HD131156 
    0.08    -0.07        0        0        0        0  #HD131511 
   -0.19     0.09        0        0        0        0  #HD133640 
    0.28     0.08        0        0        0        0  #HD134987 
   -0.24    -0.07        0        0        0        0  #HD13555 
    0.04        0        0        0        0        0  #HD136064 
    0.09    -0.18        0        0        0        0  #HD137052 
   -0.06     0.02        0        0        0        0  #HD137108 
    0.43    -0.04        0        0        0        0  #HD137510 
   -0.01     0.09        0        0        0        0  #HD141004 
    0.17     0.02        0        0        0        0  #HD14214 
   -0.51     0.13        0        0        0        0  #HD142373 
   -0.13    -0.07        0        0        0        0  #HD142860 
   -0.22     0.16        0        0        0        0  #HD143761 
    0.28     0.08        0        0        0        0  #HD144585 
    0.44      0.1        0        0        0        0  #HD145675 
    0.05     0.04        0        0        0        0  #HD149661 
   -0.04    -0.03        0        0        0        0  #HD150706 
   -0.08     0.15        0        0        0        0  #HD151769 
    -0.2      0.1        0        0        0        0  #HD15335 
   -0.08     -0.1        0        0        0        0  #HD153597 
   -0.23     0.09        0        0        0        0  #HD156826 
   -0.37     0.32        0        0        0        0  #HD157214 
   -0.26    -0.12        0        0        0        0  #HD15798 
     0.1     0.03        0        0        0        0  #HD16141 
    0.29     0.08        0        0        0        0  #HD161797 
   -0.03     0.03        0        0        0        0  #HD163989 
    0.05     0.02        0        0        0        0  #HD165341 
   -0.46     0.18        0        0        0        0  #HD165908 
    0.05     -0.1        0        0        0        0  #HD16673 
    0.05     0.02        0        0        0        0  #HD168009 
   -0.26        0        0        0        0        0  #HD168151 
    0.05     0.19        0        0        0        0  #HD168443 
    0.06    -0.11        0        0        0        0  #HD16895 
    0.17    -0.02        0        0        0        0  #HD169830 
   -0.03    -0.01        0        0        0        0  #HD173667 
    0.16     0.09        0        0        0        0  #HD178428 
    0.13    -0.04        0        0        0        0  #HD17925 
    0.22    -0.08        0        0        0        0  #HD179949 
    -0.2    -0.06        0        0        0        0  #HD181096 
    0.15     -0.1        0        0        0        0  #HD181655 
    0.21     0.05        0        0        0        0  #HD182488 
    0.33     0.16        0        0        0        0  #HD182572 
   -0.15    -0.02        0        0        0        0  #HD185144 
    0.05     0.08        0        0        0        0  #HD186408 
    0.11     0.03        0        0        0        0  #HD186427 
    0.03    -0.07        0        0        0        0  #HD187013 
    0.11        0        0        0        0        0  #HD187691 
    0.15     0.04        0        0        0        0  #HD18803 
    0.06    -0.04        0        0        0        0  #HD190406 
   -0.06    -0.03        0        0        0        0  #HD193664 
    0.04     0.06        0        0        0        0  #HD195019 
    0.09    -0.02        0        0        0        0  #HD196755 
   -0.08     0.02        0        0        0        0  #HD197076 
    0.26     0.02        0        0        0        0  #HD19994 
    0.28     0.01        0        0        0        0  #HD199960 
   -0.02        0        0        0        0        0  #HD200790 
    0.11    -0.06        0        0        0        0  #HD20630 
    -0.5     0.19        0        0        0        0  #HD21019 
    0.25     0.08        0        0        0        0  #HD210277 
    0.07     0.01        0        0        0        0  #HD210855 
    -0.2     0.05        0        0        0        0  #HD215648 
   -0.19    -0.02        0        0        0        0  #HD216385 
     0.2     0.03        0        0        0        0  #HD217014 
    0.31     0.07        0        0        0        0  #HD217107 
   -0.15     0.07        0        0        0        0  #HD218470 
    0.05     0.02        0        0        0        0  #HD219623 
       0     0.03        0        0        0        0  #HD220117 
    0.05    -0.12        0        0        0        0  #HD22049 
   -0.03    -0.05        0        0        0        0  #HD222368 
   -0.04     0.04        0        0        0        0  #HD22484 
   -0.41     0.09        0        0        0        0  #HD225239 
    0.23      0.1        0        0        0        0  #HD30562 
   -0.47     0.27        0        0        0        0  #HD30743 
    -0.2     0.21        0        0        0        0  #HD32923 
   -0.13    -0.01        0        0        0        0  #HD33636 
    0.11     0.03        0        0        0        0  #HD34411 
    0.05     0.06        0        0        0        0  #HD35296 
    0.31     0.09        0        0        0        0  #HD38529 
   -0.02     0.03        0        0        0        0  #HD39587 
   -0.24     0.04        0        0        0        0  #HD400 
    0.12    -0.12        0        0        0        0  #HD43042 
   -0.29     0.12        0        0        0        0  #HD4307 
   -0.19     0.02        0        0        0        0  #HD43318 
   -0.21    -0.02        0        0        0        0  #HD4614 
   -0.24      0.1        0        0        0        0  #HD4628 
   -0.05    -0.12        0        0        0        0  #HD4813 
   -0.49     0.16        0        0        0        0  #HD49933 
    0.13    -0.02        0        0        0        0  #HD5015 
   -0.03      0.1        0        0        0        0  #HD50554 
    0.19     0.01        0        0        0        0  #HD52265 
   -0.11     0.02        0        0        0        0  #HD52711 
   -0.33     0.12        0        0        0        0  #HD55575 
   -0.65     0.17        0        0        0        0  #HD59984 
   -0.02    -0.06        0        0        0        0  #HD61421 
    0.13     0.11        0        0        0        0  #HD67228 
   -0.05      0.1        0        0        0        0  #HD67767 
   -0.01    -0.05        0        0        0        0  #HD6920 
   -0.34     0.14        0        0        0        0  #HD693 
   -0.01     0.06        0        0        0        0  #HD69830 
   -0.31     0.04        0        0        0        0  #HD69897 
    0.12     0.04        0        0        0        0  #HD70110 
   -0.33     0.01        0        0        0        0  #HD7439 
   -0.28    -0.16        0        0        0        0  #HD7476 
    0.46     0.06        0        0        0        0  #HD75732 
    0.02     0.06        0        0        0        0  #HD76151 
       0     0.07        0        0        0        0  #HD79028 
   -0.34     0.33        0        0        0        0  #HD81809 
   -0.27     0.09        0        0        0        0  #HD82328 
    0.33     0.04        0        0        0        0  #HD82885 
    0.27    -0.02        0        0        0        0  #HD82943 
    0.13     0.08        0        0        0        0  #HD84737 
    0.27     0.05        0        0        0        0  #HD86728 
    0.04      0.1        0        0        0        0  #HD87141 
    0.21     0.01        0        0        0        0  #HD88737 
    0.05     0.11        0        0        0        0  #HD88986 
   -0.39     0.06        0        0        0        0  #HD89125 
    0.14     0.04        0        0        0        0  #HD89744 
   -0.15     0.01        0        0        0        0  #HD91752 
   -0.21     0.09        0        0        0        0  #HD91889 
    0.01     0.03        0        0        0        0  #HD95128 
   -0.27     0.06        0        0        0        0  #HD95241 
    0.26     0.04        0        0        0        0  #HD9562 
    0.07    -0.02        0        0        0        0  #HD9826 
   -0.19     0.13        0        0        0        0  #HD98991 
    0.33     0.04        0        0        0        0  #HD99491 
   -0.67      0.1        0        0        0        0  #HD062301 
   -0.11     0.12        0        0        0        0  #HD100180A 
   -0.47    -0.04        0        0        0        0  #HD101676 
   -0.06     0.07        0        0        0        0  #HD108510 
   -0.61     0.11        0        0        0        0  #HD109303 
   -0.16    -0.03        0        0        0        0  #HD11007 
   -0.05     0.03        0        0        0        0  #HD114710A 
       0     0.19        0        0        0        0  #HD115383A 
   -0.41     0.03        0        0        0        0  #HD11592 
   -0.55    -0.05        0        0        0        0  #HD118244 
   -0.38    -0.12        0        0        0        0  #HD121560 
    0.05     0.24        0        0        0        0  #HD124244 
   -0.33     0.06        0        0        0        0  #HD128385 
    -0.2     0.07        0        0        0        0  #HD130948 
   -0.52     0.08        0        0        0        0  #HD139457 
   -0.61     0.13        0        0        0        0  #HD146099A 
    0.08     0.31        0        0        0        0  #HD149750 
   -0.04     0.07        0        0        0        0  #HD154417 
   -0.02     0.26        0        0        0        0  #HD157347 
   -0.08     0.06        0        0        0        0  #HD162004B 
   -0.33     0.05        0        0        0        0  #HD167588 
   -0.81    -0.04        0        0        0        0  #HD184601 
   -0.19     0.14        0        0        0        0  #HD189340 
    0.04     0.13        0        0        0        0  #HD19373A 
   -0.31    -0.23        0        0        0        0  #HD198390 
   -0.58     0.14        0        0        0        0  #HD200580 
   -0.65    -0.04        0        0        0        0  #HD204306 
   -0.49    -0.07        0        0        0        0  #HD204363 
   -0.04     0.12        0        0        0        0  #HD206301 
    -0.2    -0.01        0        0        0        0  #HD206860 
   -0.29      0.1        0        0        0        0  #HD209942A 
   -1.01     0.12        0        0        0        0  #HD212029A 
   -0.64     0.22        0        0        0        0  #HD215257 
    0.02     0.01        0        0        0        0  #HD219623A 
   -0.37    -0.08        0        0        0        0  #HD24421 
   -0.61     0.06        0        0        0        0  #HD25173 
   -0.23        0        0        0        0        0  #HD33632A 
    0.01     0.14        0        0        0        0  #HD34411A 
    0.04     0.17        0        0        0        0  #HD39833 
   -0.62     -0.1        0        0        0        0  #HD41640 
   -0.33     0.01        0        0        0        0  #HD43947 
   -0.24    -0.09        0        0        0        0  #HD46317 
   -0.44    -0.12        0        0        0        0  #HD54717 
   -0.17     0.06        0        0        0        0  #HD59380 
   -0.71    -0.04        0        0        0        0  #HD59984A 
   -0.39    -0.03        0        0        0        0  #HD63333 
   -0.45     0.19        0        0        0        0  #HD6840 
   -0.49     0.06        0        0        0        0  #HD76349 
   -0.28    -0.03        0        0        0        0  #HD80218 
   -0.36    -0.01        0        0        0        0  #HD89125A 
   -0.18      0.1        0        0        0        0  #HD90839A 
   -0.24     0.11        0        0        0        0  #HD91889A 
    0.06     0.09        0        0        0        0  #HD94280 
