# X Y X1 X2 Y1 Y2
    -2.9     0.29     0.09     0.09     0.04     0.04  #BS17447-029 
   -2.92     0.48     0.11     0.11     0.11     0.11  #HE0130-2303 
   -2.95     0.33     0.15     0.15     0.18     0.18  #HE0148-2611 
   -3.51     0.35     0.14     0.14        0        0  #HE0218-2738 
   -3.19     0.47     0.19     0.19     0.26     0.26  #HE0242-0732 
    -2.8     0.45      0.1      0.1     0.12     0.12  #HE2133-1426 
   -2.67     0.28     0.08     0.08     0.07     0.07  #G122-69 
   -2.59      0.6        0        0        0        0  #CS22946-011 
    -2.5      0.2        0        0        0        0  #CS22950-173 
   -2.91     0.22     0.18     0.18     0.24     0.24  #HE0043-2845 
   -2.64      0.3     0.17     0.17     0.24     0.24  #HE0333-4001 
   -2.77     0.37     0.19     0.19     0.24     0.24  #HE0347-1819 
   -2.52      0.2     0.18     0.18     0.24     0.24  #HE0441-4343 
   -2.78      0.4     0.17     0.17     0.24     0.24  #HE0926-0508 
   -2.62     0.27     0.18     0.18     0.24     0.24  #HE0951-1152 
   -2.69     0.34     0.18     0.18     0.25     0.25  #HE1006-2218 
    -2.8     0.32     0.18     0.18     0.24     0.24  #HE1059-0118 
    -2.9     0.23     0.18     0.18     0.25     0.25  #HE1100-0137 
   -2.76     0.22     0.17     0.17     0.24     0.24  #HE1120-0153 
   -2.71     0.36     0.18     0.18     0.25     0.25  #HE1128-0823 
   -2.84     0.49     0.17     0.17     0.25     0.25  #HE1221-0522 
   -2.64     0.29     0.18     0.18     0.25     0.25  #HE1259-0621 
   -2.64     0.32     0.18     0.18     0.25     0.25  #HE1333-0340 
   -2.65      0.4     0.18     0.18     0.24     0.24  #HE1421-2006 
   -2.78     0.33     0.17     0.17     0.24     0.24  #HE1430-0026 
    -2.6     0.39     0.18     0.18     0.26     0.26  #HE1431-2142 
   -3.37     0.18        0        0        0        0  #CS22873-139A 
   -3.37     0.18        0        0        0        0  #CS22873-139B 
   -2.85     0.26     0.14     0.14     0.03     0.03  #HE1303-2708 
    -3.2     0.12      0.1      0.1        0        0  #HE1353-2735A 
    -3.2     0.12      0.1      0.1        0        0  #HE1353-2735B 
   -2.83     0.34     0.02     0.02     0.06     0.06  #BD+09_2190 
   -2.68     0.47     0.01     0.01     0.04     0.04  #BD+20_2030 
   -2.86     0.21     0.01     0.01        0        0  #BD+26_2621 
   -2.55     0.34     0.01     0.01     0.02     0.02  #CD-71_1234 
    -3.1     0.43     0.03     0.03        0        0  #HE0317-3301 
   -2.53     0.33     0.02     0.02     0.02     0.02  #LP635-14 
   -2.69     0.28     0.03     0.03     0.07     0.07  #LP651-4 
   -2.81     0.36     0.01     0.01        0        0  #LP815-43 
   -3.66     0.03     0.12     0.12     0.02     0.02  #CS22876-032A 
   -3.57    -0.09     0.21     0.21     0.04     0.04  #CS22876-032B 
   -2.65     0.35     0.01     0.01     0.07     0.07  #BD+03_740 
   -2.66     0.41     0.01     0.01     0.06     0.06  #HE1144-1349 
   -2.63     0.47     0.08     0.08     0.03     0.03  #BD+24_1676 
   -3.44     0.48     0.08     0.08     0.15     0.15  #BS16545-0089 
   -2.51     0.31     0.07     0.07      0.1      0.1  #G158-100 
   -2.74     0.36     0.08     0.08     0.17     0.17  #G171-50 
   -2.49     0.35     0.06     0.06      0.1      0.1  #G201-5 
   -3.48     0.15     0.06     0.06     0.17     0.17  #G82-23 
   -3.66     0.28     0.02     0.02     0.06     0.06  #CD-24_17504 
   -2.98     0.37     0.02     0.02     0.06     0.06  #G41-41 
   -3.23     0.18     0.16     0.16     0.06     0.06  #SDSSJ170339.60+283649.9 
   -3.36     0.39     0.16     0.16     0.22     0.22  #SDSSJ235718.91-005247.8 
   -4.71    -0.02     0.13     0.13      0.1      0.1  #SDSSJ102915+172927 
   -3.71    -0.22     0.27     0.27        0        0  #SDSSJ044638-065528 
   -3.22     0.16     0.24     0.24     0.22     0.22  #SDSSJ082511+163459 
   -3.24     0.41     0.24     0.24      0.2      0.2  #SDSSJ085211+033945 
   -3.49     0.11     0.32     0.32        0        0  #SDSSJ133718+074536 
   -3.23     0.72      0.1      0.1        0        0  #SDSSJ002113-005005 
   -3.35      0.4      0.1      0.1     0.22     0.22  #SDSSJ002749+140418 
   -3.23     0.38     0.11     0.11     0.11     0.11  #SDSSJ004029+160416 
   -3.44      0.6     0.17     0.17        0        0  #SDSSJ031745+002304 
   -3.44    -0.16     0.16     0.16        0        0  #SDSSJ082521+040334 
   -3.42     0.51     0.09     0.09        0        0  #SDSSJ090733+024608 
   -3.01     0.45     0.12     0.12     0.13     0.13  #SDSSJ113528+010848 
   -3.27     0.79     0.15     0.15        0        0  #SDSSJ122935+262445 
   -3.63     0.48     0.11     0.11        0        0  #SDSSJ130017+263238 
   -3.38     0.87     0.19     0.19        0        0  #SDSSJ143632+091831 
   -3.14     0.51     0.12     0.12        0        0  #SDSSJ144640+124917 
   -3.46    -0.07     0.11     0.11        0        0  #SDSSJ154246+054426 
   -3.18     0.47     0.11     0.11     0.16     0.16  #SDSSJ223143-094834 
   -2.99     0.28     0.14     0.14     0.14     0.14  #SDSSJ230814-085526 
   -3.06     0.08     0.11     0.11        0        0  #SDSSJ233113-010933 
   -2.92     0.46     0.11     0.11     0.11     0.11  #G238-30 
   -2.52     0.41      0.1      0.1      0.1      0.1  #HD106373 
   -2.43     0.31     0.09     0.09     0.07     0.07  #HE0938+0114 
   -2.97      0.4        0        0        0        0  #BS16023-046 
   -3.05     0.48        0        0        0        0  #BS16968-061 
   -2.92     0.38        0        0        0        0  #BS17570-063 
    -3.1      0.4        0        0        0        0  #CS22177-009 
   -3.28     0.39        0        0        0        0  #CS22888-031 
   -3.43     0.58        0        0        0        0  #CS22948-093 
   -2.89     0.38        0        0        0        0  #CS22953-037 
   -3.04     0.63        0        0        0        0  #CS22965-054 
   -3.07     0.42        0        0        0        0  #CS22966-011 
    -2.7     0.41        0        0        0        0  #CS29499-060 
   -2.91     0.62        0        0        0        0  #CS29506-007 
   -2.83     0.58        0        0        0        0  #CS29506-090 
   -2.77     0.46        0        0        0        0  #CS29518-020 
   -3.24     0.61        0        0        0        0  #CS29518-043 
   -2.75     0.57        0        0        0        0  #CS30301-024 
   -3.08     0.55        0        0        0        0  #CS30339-069 
   -2.58     0.47        0        0        0        0  #CS31061-032 
   -4.09     0.31        0        0     0.19     0.19  #SDSSJ144256-001542 
   -3.34      0.1        0        0     0.19     0.19  #SDSSJ153346+155701 
   -2.85     0.21     0.14     0.14     0.08     0.08  #HE0025-2334 
   -2.77     0.44     0.15     0.15     0.14     0.14  #HE0028-2152 
   -2.56     0.39     0.16     0.16     0.12     0.12  #HE0054-2123 
    -2.6     0.27     0.15     0.15     0.11     0.11  #HE0105-2202 
   -2.67     0.44     0.14     0.14     0.13     0.13  #HE0142+0147 
    -2.6     0.27     0.16     0.16     0.07     0.07  #HE0255-0859 
   -3.03     0.36     0.11     0.11     0.13     0.13  #HE0257-1837 
   -3.68     0.41     0.11     0.11     0.05     0.05  #HE0313-3640 
   -3.04     0.53     0.18     0.18     0.11     0.11  #HE0406-2341 
   -2.71     0.36     0.14     0.14     0.12     0.12  #HE1320+0038 
   -3.44     0.26      0.1      0.1     0.19     0.19  #HE1346-0427 
   -2.63     0.32     0.12     0.12     0.06     0.06  #HE2209-1240 
   -3.52     0.35     0.19     0.19     0.27     0.27  #HE2209-3909 
   -2.73     0.22     0.13     0.13      0.1      0.1  #HE2344-2800 
   -2.91     0.09     0.13     0.13     0.17     0.17  #LP831-70 
   -3.68     0.11     0.12     0.12        0        0  #HE0049-3948 
   -3.28     0.42     0.11     0.11      0.1      0.1  #HE0102-1213 
   -3.75     0.39     0.11     0.11        0        0  #HE0228-4047 
    -3.1     0.42     0.14     0.14     0.15     0.15  #HE0231-6025 
   -3.01     0.58     0.12     0.12     0.12     0.12  #HE0253-1331 
   -2.86     0.49     0.12     0.12        0        0  #HE0314-1739 
   -3.41     0.27     0.16     0.16        0        0  #HE0355-3728 
   -2.87      0.4     0.12     0.12     0.11     0.11  #HE1055+0104 
   -3.49      0.3     0.13     0.13     0.14     0.14  #HE1116-0054 
   -2.84     0.39      0.1      0.1     0.15     0.15  #HE1142-1422 
   -3.17     0.34     0.14     0.14     0.14     0.14  #HE1402-0523 
   -2.93     0.44     0.14     0.14     0.12     0.12  #HE2020-5228 
   -3.63     0.61     0.13     0.13        0        0  #HE2032-5633 
   -3.14     0.17     0.14     0.14     0.14     0.14  #HE2047-5612 
   -3.31     0.74     0.13     0.13     0.56     0.56  #HE2135-1924 
   -2.88     0.51     0.15     0.15     0.15     0.15  #HE2136-6030 
   -2.72     0.16     0.11     0.11     0.14     0.14  #HE2141-0726 
   -2.96      0.4     0.14     0.14     0.12     0.12  #HE2246-2410 
   -2.65    -0.17     0.33     0.33     0.17     0.17  #SDSSJ0018-0939 
   -2.81     0.52     0.21     0.21     0.24     0.24  #SDSSJ0020-0040 
   -3.16     1.16     0.22     0.22     0.29     0.29  #SDSSJ0021-0050 
   -3.12      0.3     0.34     0.34     0.26     0.26  #SDSSJ0023-0003 
   -3.03     0.19     0.22     0.22      0.3      0.3  #SDSSJ0027+1404 
   -2.71     0.15     0.21     0.21     0.25     0.25  #SDSSJ0027-1909 
   -2.81    -0.05     0.21     0.21     0.23     0.23  #SDSSJ0028-1015 
   -3.15     0.49     0.21     0.21     0.22     0.22  #SDSSJ0029-1910 
   -2.81    -0.34      0.2      0.2     0.18     0.18  #SDSSJ0041-0953 
   -3.18    -0.04     0.21     0.21     0.23     0.23  #SDSSJ0100+0049 
    -2.8     0.76     0.21     0.21     0.24     0.24  #SDSSJ0111+1442 
   -3.32     0.07     0.36     0.36     0.53     0.53  #SDSSJ0115+2637 
   -3.45     -0.2     0.22     0.22     0.27     0.27  #SDSSJ0120-1001 
   -3.65    -0.18     0.21     0.21     0.22     0.22  #SDSSJ0140+2344 
   -2.89     0.39      0.2      0.2     0.16     0.16  #SDSSJ0209+2120 
   -2.82    -0.01     0.21     0.21     0.27     0.27  #SDSSJ0254+3328 
   -3.39      0.2      0.2      0.2     0.18     0.18  #SDSSJ0317+0023 
   -2.92    -0.21     0.22     0.22     0.32     0.32  #SDSSJ0320+4143 
   -2.59    -0.66     0.24     0.24     0.25     0.25  #SDSSJ0416+0713 
   -2.92      0.4      0.2      0.2     0.09     0.09  #SDSSJ0727+1609 
   -2.75     0.33      0.2      0.2     0.11     0.11  #SDSSJ0746+2831 
    -2.6    -0.13      0.2      0.2     0.26     0.26  #SDSSJ0748+1758 
   -3.01    -0.22     0.21     0.21     0.23     0.23  #SDSSJ0804+5153 
   -3.38      0.3      0.2      0.2     0.21     0.21  #SDSSJ0809+0907 
   -3.28     0.41     0.21     0.21      0.2      0.2  #SDSSJ0814+3337 
   -2.85     0.18     0.21     0.21      0.2      0.2  #SDSSJ0817+2641 
   -2.88     0.23     0.21     0.21     0.25     0.25  #SDSSJ0819+3119 
    -3.7        0     0.24     0.24     0.25     0.25  #SDSSJ0821+1819 
    -3.6     0.63     0.25     0.25     0.31     0.31  #SDSSJ0825+0403 
   -3.17     0.07     0.21     0.21     0.31     0.31  #SDSSJ0827+1052 
   -3.25     0.76     0.21     0.21     0.21     0.21  #SDSSJ0840+5405 
    -3.2     0.54     0.21     0.21     0.24     0.24  #SDSSJ0847+0121 
   -2.89     0.62      0.2      0.2     0.18     0.18  #SDSSJ0851+1018 
    -3.3    -0.06      0.2      0.2     0.17     0.17  #SDSSJ0907+0246 
   -3.14     0.16     0.21     0.21     0.26     0.26  #SDSSJ0932+0241 
   -3.09     0.13      0.2      0.2     0.11     0.11  #SDSSJ1004+3442 
   -3.06     0.21      0.2      0.2     0.15     0.15  #SDSSJ1033+4001 
   -2.88     0.17      0.2      0.2     0.22     0.22  #SDSSJ1106+0343 
   -3.17      0.2     0.21     0.21      0.2      0.2  #SDSSJ1108+1747 
   -3.14     0.45     0.21     0.21     0.25     0.25  #SDSSJ1120+3027 
   -2.82    -0.03     0.22     0.22     0.33     0.33  #SDSSJ1128+3841 
   -2.96    -0.19     0.22     0.22     0.31     0.31  #SDSSJ1147+1510 
   -3.26    -0.07     0.21     0.21     0.26     0.26  #SDSSJ1159+5425 
    -3.2     0.15     0.22     0.22     0.28     0.28  #SDSSJ1213+4450 
   -3.34     0.37      0.2      0.2     0.21     0.21  #SDSSJ1230+0005 
   -2.87     0.48     0.21     0.21     0.31     0.31  #SDSSJ1233+3407 
   -3.53     0.38      0.2      0.2     0.15     0.15  #SDSSJ1300+2632 
   -2.85     0.17     0.21     0.21     0.25     0.25  #SDSSJ1303+2515 
    -2.9     0.48     0.23     0.23     0.39     0.39  #SDSSJ1304+3239 
   -2.72      0.4     0.21     0.21     0.22     0.22  #SDSSJ1312+2450 
   -3.03     -0.1     0.21     0.21      0.3      0.3  #SDSSJ1334+0022 
   -2.86      0.4      0.2      0.2     0.15     0.15  #SDSSJ1338+1204 
   -2.98     0.55     0.24     0.24     0.35     0.35  #SDSSJ1400+0753 
   -2.97    -0.23     0.24     0.24     0.39     0.39  #SDSSJ1408+6239 
   -3.42     0.71      0.2      0.2     0.16     0.16  #SDSSJ1410+5350 
   -3.19     0.18      0.2      0.2     0.16     0.16  #SDSSJ1412+5609 
   -2.97     0.25     0.21     0.21     0.22     0.22  #SDSSJ1424+5615 
   -3.08     0.39      0.2      0.2     0.23     0.23  #SDSSJ1425+1137 
   -3.29     0.24      0.2      0.2     0.15     0.15  #SDSSJ1425+5742 
   -3.21    -0.15     0.22     0.22     0.23     0.23  #SDSSJ1434+1036 
    -3.6     0.51     0.26     0.26     0.25     0.25  #SDSSJ1436+0301 
   -3.49     0.46      0.2      0.2     0.15     0.15  #SDSSJ1436+0918 
    -2.9     0.28      0.2      0.2     0.13     0.13  #SDSSJ1437+5231 
   -3.02      0.6      0.2      0.2     0.22     0.22  #SDSSJ1437+5837 
   -2.99     0.03      0.2      0.2     0.14     0.14  #SDSSJ1446+1249 
   -2.86     0.31     0.21     0.21     0.23     0.23  #SDSSJ1502+3113 
   -3.31     0.43     0.21     0.21     0.21     0.21  #SDSSJ1504+4623 
   -3.34     0.41     0.22     0.22     0.27     0.27  #SDSSJ1515+4503 
   -2.91     0.23     0.22     0.22      0.3      0.3  #SDSSJ1516+4333 
   -2.79     0.49     0.22     0.22     0.26     0.26  #SDSSJ1521+3437 
   -3.59     0.52      0.2      0.2     0.21     0.21  #SDSSJ1522+3055 
   -3.06     0.27     0.24     0.24     0.45     0.45  #SDSSJ1523+4942 
   -2.99     0.17      0.2      0.2     0.16     0.16  #SDSSJ1528+4915 
   -3.07     0.26     0.21     0.21     0.26     0.26  #SDSSJ1551+2521 
    -3.3     0.28     0.21     0.21     0.21     0.21  #SDSSJ1553+2511 
   -3.36     0.18     0.21     0.21     0.29     0.29  #SDSSJ1603+2917 
   -3.19      0.8     0.21     0.21     0.28     0.28  #SDSSJ1623+3913 
   -2.88     0.33      0.2      0.2     0.15     0.15  #SDSSJ1633+3907 
   -3.39     0.57     0.21     0.21     0.21     0.21  #SDSSJ1640+3709 
   -2.56    -0.06     0.24     0.24     0.33     0.33  #SDSSJ1650+2242 
   -3.24     0.49     0.21     0.21     0.25     0.25  #SDSSJ1659+3515 
   -3.01     0.44      0.2      0.2     0.13     0.13  #SDSSJ1830+4141 
   -3.34     0.29     0.24     0.24     0.25     0.25  #SDSSJ2005-1045 
    -2.8        0      0.2      0.2     0.25     0.25  #SDSSJ2052+0109 
   -2.75     0.84      0.2      0.2     0.16     0.16  #SDSSJ2111+0109 
   -2.91     0.55     0.21     0.21      0.2      0.2  #SDSSJ2118-0640 
   -2.88      0.9     0.24     0.24     0.39     0.39  #SDSSJ2123-0820 
   -2.76    -0.21      0.2      0.2     0.24     0.24  #SDSSJ2128-0756 
   -2.84     0.33     0.21     0.21     0.21     0.21  #SDSSJ2208+0613 
   -2.94    -0.04     0.22     0.22     0.32     0.32  #SDSSJ2300+0559 
   -2.74    -0.15     0.21     0.21     0.25     0.25  #SDSSJ2308-0855 
   -3.09    -0.65     0.26     0.26     0.25     0.25  #SDSSJ2309+2308 
   -2.91     0.18     0.25     0.25     0.34     0.34  #SDSSJ2334+1538 
   -2.46    -0.27      0.1      0.1     0.04     0.04  #SDSSJ001820.5-093939.2 
    -2.7     0.18     0.02     0.02     0.08     0.08  #CS22186-005 
    -2.9     0.35     0.01     0.01     0.03     0.03  #CS30344-033 
   -2.85     0.49     0.21     0.21     0.22     0.22  #CS22169-008 
   -3.63     0.54     0.21     0.21     0.24     0.24  #CS22171-037 
   -3.29     0.56     0.22     0.22     0.23     0.23  #CS22174-020 
      -3     0.55     0.22     0.22     0.22     0.22  #CS22177-010 
   -2.86     0.47     0.21     0.21     0.22     0.22  #CS22180-014 
   -2.82     0.42     0.21     0.21     0.22     0.22  #CS22186-017 
   -2.85     0.47     0.21     0.21     0.22     0.22  #CS22872-102 
   -3.08     0.54     0.21     0.21     0.22     0.22  #CS22873-072 
   -2.79     0.44     0.21     0.21     0.22     0.22  #CS22874-123 
   -3.03     0.57     0.22     0.22     0.22     0.22  #CS22877-051 
   -2.97     0.43     0.21     0.21     0.23     0.23  #CS22878-002 
   -3.01     0.56     0.21     0.21     0.22     0.22  #CS22879-012 
   -3.02     0.59     0.21     0.21     0.22     0.22  #CS22879-051 
   -3.15     0.69     0.21     0.21     0.22     0.22  #CS22879-094 
   -2.79     0.35     0.17     0.17     0.19     0.19  #CS22881-039 
   -2.96     0.44     0.21     0.21     0.22     0.22  #CS22881-070 
   -2.94     0.58     0.21     0.21     0.22     0.22  #CS22882-006 
    -3.1     0.52     0.22     0.22     0.23     0.23  #CS22884-108 
   -2.78     0.45     0.21     0.21     0.22     0.22  #CS22885-040 
   -2.73      0.5     0.21     0.21     0.22     0.22  #CS22885-203 
   -2.92     0.48     0.21     0.21     0.22     0.22  #CS22886-003 
   -2.58     0.39     0.17     0.17     0.19     0.19  #CS22886-013 
   -2.73     0.45     0.21     0.21     0.22     0.22  #CS22888-014 
   -3.09     0.63     0.22     0.22     0.22     0.22  #CS22889-050 
   -2.68     0.46     0.21     0.21     0.22     0.22  #CS22890-011 
   -3.12     0.37     0.21     0.21     0.23     0.23  #CS22890-064 
   -2.96     0.61     0.21     0.21     0.22     0.22  #CS22894-004 
   -2.98     0.43     0.22     0.22     0.22     0.22  #CS22894-019 
   -3.14     0.58     0.21     0.21     0.22     0.22  #CS22894-023 
   -2.84     0.39      0.1      0.1     0.13     0.13  #CS22894-049 
   -2.82     0.48     0.21     0.21     0.22     0.22  #CS22896-115 
   -2.83     0.32     0.17     0.17      0.2      0.2  #CS22898-043 
   -2.71     0.32     0.17     0.17     0.19     0.19  #CS22941-027 
   -2.95     0.54     0.21     0.21     0.22     0.22  #CS22943-059 
   -2.63     0.49     0.21     0.21     0.22     0.22  #CS22943-132 
   -2.64     0.49     0.21     0.21     0.22     0.22  #CS22944-014 
   -2.96     0.42     0.22     0.22     0.22     0.22  #CS22944-061 
   -3.29     0.65     0.21     0.21     0.22     0.22  #CS22945-031 
   -2.98     0.57     0.21     0.21     0.22     0.22  #CS22945-058 
   -3.01     0.54     0.21     0.21     0.22     0.22  #CS22949-030 
   -2.74     0.42     0.21     0.21     0.22     0.22  #CS22951-005 
      -3     0.56     0.21     0.21     0.22     0.22  #CS22954-004 
   -2.81      0.6     0.21     0.21     0.22     0.22  #CS22956-015 
   -2.73     0.54     0.21     0.21     0.22     0.22  #CS22956-021 
   -2.71      0.5     0.22     0.22     0.23     0.23  #CS22956-081 
   -2.69     0.52     0.22     0.22     0.22     0.22  #CS22956-106 
   -3.15     0.39     0.17     0.17      0.2      0.2  #CS22956-110 
    -3.1      0.5     0.21     0.21     0.23     0.23  #CS22958-041 
   -2.67     0.41     0.21     0.21     0.22     0.22  #CS22958-074 
   -2.67     0.45     0.21     0.21     0.22     0.22  #CS22959-139 
   -3.05     0.47     0.22     0.22     0.22     0.22  #CS22960-029 
   -2.82     0.58     0.21     0.21     0.22     0.22  #CS22964-115 
   -2.56     0.39     0.21     0.21     0.22     0.22  #CS22964-176 
   -2.95     0.49     0.21     0.21     0.22     0.22  #CS22964-214 
   -3.12     0.47     0.21     0.21     0.23     0.23  #CS22968-001 
   -2.89     0.57     0.21     0.21     0.22     0.22  #CS29493-023 
   -2.66     0.49     0.21     0.21     0.22     0.22  #CS29493-094 
   -2.81     0.48     0.21     0.21     0.22     0.22  #CS29499-058 
   -2.92     0.44     0.21     0.21     0.22     0.22  #CS29501-032 
   -2.63      0.4     0.21     0.21     0.22     0.22  #CS29513-015 
   -2.67     0.42     0.21     0.21     0.22     0.22  #CS29513-031 
   -2.84     0.46     0.21     0.21     0.22     0.22  #CS29514-018 
   -2.62     0.37     0.21     0.21     0.22     0.22  #CS29514-037 
   -2.53     0.39     0.21     0.21     0.22     0.22  #CS29517-042 
   -2.55      0.4     0.21     0.21     0.22     0.22  #CS29529-054 
   -2.64     0.53     0.17     0.17     0.19     0.19  #CS30312-062 
      -3     0.48     0.22     0.22     0.22     0.22  #CS30339-015 
   -2.71    -0.21     0.17     0.17     0.23     0.23  #CS30339-046 
   -2.82     0.47     0.21     0.21     0.22     0.22  #CS30493-071 
   -2.53     0.37      0.1      0.1     0.14     0.14  #G15-10 
    -2.6     0.34      0.1      0.1     0.14     0.14  #G180-58 
   -3.12     0.37      0.1      0.1     0.13     0.13  #G190-15 
   -3.17     0.46     0.21     0.21     0.23     0.23  #G206-34 
   -2.73     0.47     0.21     0.21     0.22     0.22  #G4-37 
   -3.07     0.48     0.21     0.21     0.22     0.22  #HD340279 
   -2.81     0.22      0.2      0.2     0.15     0.15  #HE0411-3558 
   -3.87     0.12      0.2      0.2     0.18     0.18  #HE0945-1435 
      -3     0.21      0.2      0.2     0.19     0.19  #HE1241-2907 
   -4.15     0.23      0.2      0.2     0.15     0.15  #HE2239-5019 
   -3.94     0.41     0.05     0.05     0.09     0.09  #SDSSJ152202.09+305526.3 
   -3.54     0.33     0.05     0.05      0.1      0.1  #SDSSJ164005.30+370907.8 
   -3.86     0.12     0.13     0.13      0.3      0.3  #SDSSJ200513.48-104503.2 
   -3.96     -0.1     0.09     0.09     0.16     0.16  #SDSSJ230959.55+230803.0 
   -3.73     0.35     0.08     0.08     0.17     0.17  #SDSSJ234939.71+383217.8 
   -2.93     0.43     0.04     0.04     0.02     0.02  #LAMOSTJ130534.80+281510.5 
   -2.66     0.81     0.07     0.07     0.05     0.05  #HIP87788 
   -3.29     0.51     0.04     0.04     0.03     0.03  #HE1337+0012 
    -3.5     0.51        0        0        0        0  #SDSSJ021958-084955  # Y Upper Limit
   -3.65     0.51        0        0        0        0  #SDSSJ040114-051259 
   -3.55     0.51        0        0        0        0  #SDSSJ101600+172901 
   -3.75     0.51        0        0        0        0  #SDSSJ120441+120111 
   -3.45     0.51        0        0        0        0  #SDSSJ123055+000547 
   -4.05     0.51        0        0        0        0  #SDSSJ164234+443004 
   -3.85     0.41        0        0        0        0  #SDSSJ183455+421328 
   -3.65     0.51        0        0        0        0  #SDSSJ214633-003910 
   -2.55      0.3      0.2      0.2     0.15     0.15  #WISEJ0725-2351 
   -3.41     0.08      0.2      0.2        0        0  #SDSSJ150702.02+005152.6 
   -3.04     -0.1        0        0        0        0  #SDSSJ113207.12-082657.3 
   -2.53     0.48        0        0     0.17     0.17  #HIP8572 
   -2.71      0.4        0        0        0        0  #BS16472-070 
   -3.01     0.49        0        0        0        0  #BS16547-049 
   -3.36     0.26        0        0        0        0  #CS22166-030 
   -2.88      0.5        0        0        0        0  #CS22783-055 
   -3.85     0.12        0        0        0        0  #CS22876-032 
   -2.74     0.25        0        0        0        0  #CS29491-084 
   -2.92     0.36        0        0        0        0  #CS30308-062 
   -2.69     0.05        0        0        0        0  #G108-33 
    -2.8     0.34        0        0        0        0  #HIP101379 
   -2.82     0.47        0        0        0        0  #HIP104191 
   -2.65     0.35        0        0        0        0  #HIP10497 
   -2.51     0.44        0        0        0        0  #HIP2463 
   -4.01      0.6        0        0        0        0  #HIP3635 
   -2.55     0.39        0        0        0        0  #HIP36513 
   -2.58     0.46        0        0        0        0  #HIP4933 
   -3.45     0.63        0        0        0        0  #HIP66673 
   -3.28     0.46        0        0        0        0  #HIP68592 
   -2.66     0.25        0        0        0        0  #HIP96508 
   -2.58     0.39        0        0        0        0  #HIP97192 
   -2.93     0.05        0        0        0        0  #HIP98339 
