# X Y X1 X2 Y1 Y2
    -2.9     -0.4      0.1      0.1        0        0  #BS16085-0050  # Y Upper Limit
   -3.02     0.33     0.14     0.14        0        0  #BS16469-075 
   -2.84    -0.29     0.15     0.15        0        0  #HD115444 
   -2.76    -0.29     0.19     0.19        0        0  #HD122563 
   -2.78     0.32     0.12     0.12        0        0  #HD126587 
   -2.49    -0.13     0.12     0.12        0        0  #HD186478 
   -2.88     0.23     0.09     0.09        0        0  #HD4306 
   -3.06    -0.39      0.2      0.2        0        0  #HD88609 
   -2.36     0.17        0        0        0        0  #HD26169 
   -2.84     0.61      0.2      0.2        0        0  #BS16033-008 
   -2.89     -0.9      0.2      0.2        0        0  #BS16080-054 
   -2.53      0.3     0.19     0.19        0        0  #BS16083-172 
    -3.1    -0.13     0.21     0.21        0        0  #BS16084-160 
   -2.82    -0.23     0.22     0.22        0        0  #BS16089-013 
   -2.97     0.04     0.19     0.19        0        0  #CS29502-042 
   -2.74     0.51      0.2      0.2        0        0  #CS30325-028 
   -3.17     0.44      0.2      0.2        0        0  #CS30325-094 
   -2.64    -0.19      0.2      0.2        0        0  #CS30327-038 
   -2.75    -0.28     0.19     0.19        0        0  #CS30329-004 
   -3.06     0.07        0        0     0.04     0.04  #BD-18_5550 
   -3.36     0.38        0        0     0.08     0.08  #BS16477-003 
   -2.88     0.04        0        0     0.05     0.05  #BS17569-049 
   -3.86     0.09        0        0      0.1      0.1  #CS22172-002 
      -3    -0.45        0        0      0.1      0.1  #CS22186-025 
   -2.99    -0.54        0        0     0.06     0.06  #CS22873-055 
   -2.97    -0.04        0        0     0.08     0.08  #CS22873-166 
   -2.69     0.32        0        0     0.05     0.05  #CS22896-154 
   -2.62     0.15        0        0     0.05     0.05  #CS22966-057 
   -3.04    -0.12        0        0     0.05     0.05  #CS29491-053 
   -2.82     0.05        0        0     0.06     0.06  #CS29495-041 
   -3.06     0.05        0        0     0.05     0.05  #CS29516-024 
   -2.69     0.01        0        0     0.05     0.05  #CS29518-051 
   -2.82    -0.26      0.2      0.2     0.17     0.17  #BS16934-002 
   -2.66     0.13     0.14     0.14     0.16     0.16  #CS22886-042 
   -2.76     0.06        0        0     0.26     0.26  #BS16945-0054 
   -2.63     0.31        0        0     0.26     0.26  #CS29497-040 
   -2.43     0.21        0        0     0.26     0.26  #CS30306-082 
   -2.45    -0.29        0        0        0        0  #CS31061-062  # Y Upper Limit
   -2.78    -0.37        0        0        0        0  #HD107752 
   -2.58      0.2     0.03     0.03     0.23     0.23  #BD+23_3130 
   -3.19    -0.54     0.09     0.09        0        0  #BS16080-093  # Y Upper Limit
   -3.75     0.57     0.04     0.04     0.23     0.23  #BS16467-062 
   -3.53     -0.4     0.09     0.09     0.22     0.22  #BS16550-087 
   -3.07    -0.16     0.09     0.09     0.22     0.22  #BS16928-053 
   -4.04    -0.19     0.09     0.09     0.31     0.31  #CS30336-049 
   -2.84     0.46     0.03     0.03     0.19     0.19  #CS31078-018 
   -2.68     0.45     0.08     0.08     0.21     0.21  #CS31085-024 
   -2.62     0.49     0.11     0.11      0.2      0.2  #CS22948-006 
    -3.8     0.45        0        0      0.1      0.1  #BS16076-006 
   -2.78     0.09     0.09     0.09        0        0  #HE2327-5642 
   -2.85     0.88     0.15     0.15        0        0  #CS30317-056  # Y Upper Limit
   -3.03     0.38        0        0        0        0  #BS16981-009 
    -2.9    -0.21        0        0        0        0  #CS29491-109 
   -3.35     0.02        0        0        0        0  #CS30308-035 
   -2.98    -0.41        0        0        0        0  #CS30315-001 
   -2.95    -0.79        0        0        0        0  #CS30343-063 
   -2.72    -0.26        0        0        0        0  #CS31060-047 
   -3.06    -0.47        0        0        0        0  #CS31072-118 
   -3.35    -0.88        0        0        0        0  #HE0008-3842 
   -3.23     0.19        0        0        0        0  #HE0017-4838 
   -3.22     0.28        0        0        0        0  #HE0037-2657 
   -3.28     0.52        0        0        0        0  #HE0044-2459 
   -2.56     0.37        0        0        0        0  #HE0044-4023 
    -3.3     0.59        0        0        0        0  #HE0104-4007 
   -3.42     0.21        0        0        0        0  #HE0104-5300 
   -2.53     0.07        0        0        0        0  #HE0109-0742 
   -2.99    -0.25        0        0        0        0  #HE0111-1454 
   -3.08     0.27        0        0        0        0  #HE0131-2740 
   -2.62     0.31        0        0        0        0  #HE0143-4108 
   -2.94     0.15        0        0        0        0  #HE0143-4146 
   -3.08    -0.13        0        0        0        0  #HE0157-3335 
   -3.23    -0.26        0        0        0        0  #HE0240-6105 
   -3.04     0.42        0        0        0        0  #HE0243-5238 
   -2.56     0.49        0        0        0        0  #HE0244-4111 
   -2.53     0.16        0        0        0        0  #HE0248+0039 
   -2.82     0.47        0        0        0        0  #HE0308-1154 
   -3.13    -0.66        0        0        0        0  #HE0316+0214 
    -2.9     0.44        0        0        0        0  #HE0331-4939 
   -2.75     0.47        0        0        0        0  #HE0336-3829 
   -2.62     0.28        0        0        0        0  #HE0337-5127 
   -2.88     0.17        0        0        0        0  #HE0400-2917 
   -3.34     0.29        0        0        0        0  #HE0401-0138 
   -2.72     0.09        0        0        0        0  #HE0430-4901 
   -3.19     0.36        0        0        0        0  #HE0432-0923 
   -2.79      0.2        0        0        0        0  #HE0513-4557 
   -2.61    -0.36        0        0        0        0  #HE0517-1952 
   -2.52     0.37        0        0        0        0  #HE0519-5525 
   -3.01     0.57        0        0        0        0  #HE0547-4539 
   -2.73    -0.79        0        0        0        0  #HE0858-0016 
   -2.89     0.49        0        0        0        0  #HE1044-2509 
   -3.34    -0.61        0        0        0        0  #HE1054-0059 
   -2.65     0.51        0        0        0        0  #HE1122-1429 
   -2.57     0.24        0        0        0        0  #HE1210-1956 
   -3.01     0.44        0        0        0        0  #HE1214-1819 
    -2.9     0.33        0        0        0        0  #HE1215+0149 
   -2.81     0.27        0        0        0        0  #HE1219-0312 
   -2.91    -0.01        0        0        0        0  #HE1237-3103 
   -2.67     0.49        0        0        0        0  #HE1243-1425 
   -2.89     0.65        0        0        0        0  #HE1248-1800 
   -2.65    -0.38        0        0        0        0  #HE1249-2932 
   -3.28     0.66        0        0        0        0  #HE1252+0044 
   -2.89    -0.09        0        0        0        0  #HE1252-0117 
   -2.94    -0.06        0        0        0        0  #HE1254+0009 
   -2.91    -0.11        0        0        0        0  #HE1311-1412 
   -2.99    -0.14        0        0        0        0  #HE1314-3036 
   -2.82     0.44        0        0        0        0  #HE1345-0206 
   -3.18    -0.21        0        0        0        0  #HE1419-1759 
   -3.25     0.55        0        0        0        0  #HE2139-1851 
   -2.69    -0.11        0        0        0        0  #HE2145-3025 
   -2.61     0.22        0        0        0        0  #HE2201-0637 
   -2.79     0.24        0        0        0        0  #HE2204-1703 
   -2.73     0.29        0        0        0        0  #HE2206-2245 
   -3.23    -0.48        0        0        0        0  #HE2216-0621 
   -2.56    -0.54        0        0        0        0  #HE2217-0706 
   -2.62     0.06        0        0        0        0  #HE2217-1523 
   -2.73     0.34        0        0        0        0  #HE2222-4156 
   -2.87     0.51        0        0        0        0  #HE2226-4102 
   -3.07     0.43        0        0        0        0  #HE2228-3806 
   -2.88     0.21        0        0        0        0  #HE2244-1503 
   -2.74     0.26        0        0        0        0  #HE2248-3345 
   -2.97     -0.1        0        0        0        0  #HE2258-3456 
   -3.02    -0.55        0        0        0        0  #HE2304-4153 
   -3.38    -0.31        0        0        0        0  #HE2319-0852 
   -2.85     0.41        0        0        0        0  #HE2325-0755 
   -3.34     0.55        0        0        0        0  #HE2333-1358 
   -2.86     0.54        0        0        0        0  #HE2338-1311 
   -2.55    -0.68        0        0        0        0  #HE2347-1334 
   -3.12     0.06     0.22     0.22        0        0  #BS16920-017 
   -3.82     0.22        0        0      0.2      0.2  #HE0013-0257 
   -3.24     0.42        0        0      0.2      0.2  #HE0013-0522 
   -3.08     0.62        0        0      0.2      0.2  #HE0015+0048 
    -3.7     0.48        0        0      0.2      0.2  #HE0302-3417A 
   -3.32     0.18        0        0      0.2      0.2  #HE0324+0152A 
   -3.03     0.33        0        0      0.2      0.2  #HE0420+0123A 
   -3.21     0.23        0        0      0.2      0.2  #HE0432-1005A 
   -3.73     0.08        0        0      0.2      0.2  #HE1116-0634 
   -3.15     0.33        0        0      0.2      0.2  #HE1311-0131 
    -3.1    -0.52        0        0      0.2      0.2  #HE1317-0407 
   -3.22      0.4        0        0      0.2      0.2  #HE2123-0329 
   -2.98    -0.42        0        0      0.2      0.2  #HE2148-1105A 
      -3    -0.42        0        0      0.2      0.2  #HE2238-0131 
   -2.88    -0.77        0        0      0.2      0.2  #HE2253-0849 
   -3.88     0.38        0        0      0.2      0.2  #HE2302-2154A 
   -2.81     0.43     0.11     0.11     0.05     0.05  #CS22948-104 
    -3.3     0.82     0.15     0.15     0.05     0.05  #CS29493-090 
   -3.38     0.55     0.19     0.19     0.05     0.05  #CS30322-023 
   -2.64     0.15        0        0        0        0  #CS22175-007 
   -2.64     0.14        0        0        0        0  #CS29491-069 
   -2.64     0.18        0        0        0        0  #CS29497-004 
   -2.44     0.36        0        0        0        0  #CS29510-058 
   -2.58    -0.08        0        0        0        0  #CS30337-097 
   -2.92     0.13        0        0        0        0  #HE0005-0002 
    -2.8      0.5        0        0        0        0  #HE0121-2826 
   -2.56     0.14        0        0        0        0  #HE0315+0000 
   -2.98     0.34        0        0        0        0  #HE0323-4529 
   -2.72    -0.15        0        0        0        0  #HE0340-5355 
      -3     0.25        0        0        0        0  #HE0353-6024 
   -2.52     0.19        0        0        0        0  #HE1126-1735 
   -2.56      0.5        0        0        0        0  #HE1127-1143 
   -2.58     0.22        0        0        0        0  #HE1225+0155 
   -3.23     -0.1        0        0        0        0  #HE1246-1344 
   -2.44     0.28        0        0        0        0  #HE1247-2114 
   -2.56     0.21        0        0        0        0  #HE1251-0104 
   -2.86      0.3        0        0        0        0  #HE1300-0642 
   -3.08     -0.2        0        0        0        0  #HE1300-2431 
   -2.74    -0.21        0        0        0        0  #HE2219-0713 
   -2.41     0.31        0        0        0        0  #HE2224+0143 
   -2.47     0.19        0        0        0        0  #HE2224-4103 
   -2.61     0.32        0        0        0        0  #HE2234-0521 
   -2.61     0.29        0        0        0        0  #HE2311+0129 
    -2.6     0.19        0        0        0        0  #HE2326+0038 
   -2.48     0.43        0        0        0        0  #HE2338-1618 
   -3.34     0.37     0.21     0.21        0        0  #HE0009-6039 
   -3.04     0.21      0.2      0.2        0        0  #HE0011-0035 
    -3.2     0.33     0.18     0.18        0        0  #HE0037-0348 
   -3.23     0.27     0.18     0.18        0        0  #HE0039-4154 
   -2.71     0.58     0.16     0.16        0        0  #HE0048-0611 
    -3.2     0.73     0.15     0.15        0        0  #HE0103-0357 
   -2.85     0.42     0.19     0.19        0        0  #HE0122-1616 
   -3.39     0.61     0.15     0.15        0        0  #HE0130-1749 
   -2.86     0.25     0.14     0.14        0        0  #HE0226+0103 
   -3.35     0.48      0.2      0.2        0        0  #HE0305-5442 
   -3.16     0.47      0.2      0.2        0        0  #HE0312-5200 
    -2.8     0.61     0.15     0.15        0        0  #HE0317-0554 
   -2.95    -0.43     0.18     0.18        0        0  #HE0332-1007 
    -3.4     0.12     0.15     0.15        0        0  #HE0344-0243 
   -3.13     0.56     0.19     0.19        0        0  #HE0411-5725 
   -2.89    -0.36     0.12     0.12        0        0  #HE0445-2339  # Y Upper Limit
   -2.61     0.38     0.13     0.13        0        0  #HE0447-1858 
   -2.72     0.15      0.2      0.2        0        0  #HE0533-5340 
   -3.78     0.71     0.16     0.16        0        0  #HE0926-0546  # Y Upper Limit
   -2.96     0.63     0.11     0.11        0        0  #HE1226-1149 
   -2.95     0.38     0.18     0.18        0        0  #HE1258-1317 
   -3.43     0.56     0.16     0.16        0        0  #HE1320+0139 
   -3.53     0.36     0.18     0.18        0        0  #HE1347-1025 
   -3.53     0.16     0.14     0.14        0        0  #HE1356-0622 
   -3.85    -0.08     0.12     0.12        0        0  #HE1357-0123 
   -3.25    -0.22     0.16     0.16        0        0  #HE1416-1032  # Y Upper Limit
   -3.34     0.07      0.2      0.2        0        0  #HE1422-0818 
   -4.14     0.87     0.17     0.17        0        0  #HE1424-0241  # Y Upper Limit
   -2.68     0.31     0.14     0.14        0        0  #HE2200-1946 
   -3.35     0.55     0.18     0.18        0        0  #HE2203-3723  # Y Upper Limit
   -3.42     0.39     0.19     0.19        0        0  #HE2217-4053 
   -2.91     0.63     0.13     0.13        0        0  #HE2236+0204 
      -3    -0.14     0.18     0.18        0        0  #HE2249-1704 
   -3.33     0.78     0.12     0.12        0        0  #HE2314-1554 
   -2.93      0.6     0.17     0.17        0        0  #HE2339-5105 
   -3.22     0.47     0.15     0.15        0        0  #HE2357-0701 
    -2.7    -0.27     0.15     0.15        0        0  #HE1207-3108  # Y Upper Limit
   -3.69     0.52     0.18     0.18        0        0  #HE1320-2952  # Y Upper Limit
   -2.87      0.7     0.16     0.16        0        0  #HE2247-7400 
   -3.75    -0.28     0.01     0.01     0.25     0.25  #HE0048-6408 
   -3.46     0.48     0.01     0.01     0.25     0.25  #HE0139-2826 
    -3.3     0.07     0.01     0.01      0.3      0.3  #HE2141-3741 
   -2.89    -0.54     0.01     0.01      0.3      0.3  #HE2157-3404 
   -3.65    -0.48     0.01     0.01      0.3      0.3  #HE2233-4724 
   -3.67     0.54     0.01     0.01     0.15     0.15  #HE2318-1621 
   -2.53      0.3     0.33     0.33     0.14     0.14  #SDSSJ0858+3541 
   -2.73      0.5     0.34     0.34     0.14     0.14  #SDSSJ1241-0837 
   -2.77     0.64     0.34     0.34     0.14     0.14  #SDSSJ1242-0336 
   -2.86     0.63     0.34     0.34     0.14     0.14  #SDSSJ1612+0421 
   -3.17     0.64     0.34     0.34     0.14     0.14  #SDSSJ2206-0925 
   -2.94    -0.34     0.08     0.08        0        0  #HE2252-4225 
   -3.53    -0.37     0.15     0.15     0.25     0.25  #CS22878-101 
   -4.06     0.53     0.15     0.15     0.25     0.25  #CS22891-200 
    -3.5    -0.43     0.15     0.15     0.25     0.25  #CS22948-066 
   -3.31     0.85     0.15     0.15     0.25     0.25  #CS30314-067 
   -2.92    -0.34     0.15     0.15     0.25     0.25  #BD-15_5781 
      -3    -0.48     0.15     0.15     0.25     0.25  #BD-20_6008 
   -4.59    -0.19     0.16     0.16        0        0  #CD-38_245  # Y Upper Limit
   -3.22     0.14     0.15     0.15     0.25     0.25  #CS22166-016 
   -3.31    -0.14     0.15     0.15     0.25     0.25  #CS22169-035 
   -2.68     0.05     0.14     0.14     0.25     0.25  #CS22172-029 
   -2.65     0.31     0.21     0.21     0.25     0.25  #CS22182-033 
   -3.57     0.37     0.15     0.15     0.25     0.25  #CS22183-031 
   -3.06     0.16     0.15     0.15     0.25     0.25  #CS22185-007 
   -2.72     0.06     0.21     0.21     0.25     0.25  #CS22186-002 
   -3.04     0.21     0.15     0.15     0.25     0.25  #CS22186-023 
   -3.92      0.3     0.15     0.15     0.25     0.25  #CS22189-009 
   -2.94     0.96     0.17     0.17        0        0  #CS22191-029  # Y Upper Limit
   -3.32     0.12     0.14     0.14     0.25     0.25  #CS22873-128 
   -2.71     0.98     0.17     0.17        0        0  #CS22875-029  # Y Upper Limit
   -3.23     0.24     0.15     0.15     0.25     0.25  #CS22877-011 
   -2.66     0.53     0.17     0.17        0        0  #CS22879-097  # Y Upper Limit
   -3.23     0.45     0.21     0.21     0.25     0.25  #CS22880-067 
   -3.28     0.18     0.15     0.15     0.25     0.25  #CS22880-086 
   -3.55     0.77     0.23     0.23        0        0  #CS22881-032  # Y Upper Limit
   -2.62     0.69     0.17     0.17        0        0  #CS22882-001  # Y Upper Limit
   -3.47     0.54     0.22     0.22        0        0  #CS22882-030  # Y Upper Limit
   -4.41      0.6     0.15     0.15     0.25     0.25  #CS22885-096 
   -2.88     0.11     0.21     0.21     0.25     0.25  #CS22886-012 
   -2.93      0.5     0.21     0.21     0.25     0.25  #CS22888-002 
   -2.77     0.31     0.14     0.14     0.25     0.25  #CS22890-024 
   -2.68     0.35     0.17     0.17        0        0  #CS22891-184  # Y Upper Limit
   -3.49    -0.42     0.15     0.15     0.25     0.25  #CS22891-209 
   -3.23     0.44     0.15     0.15     0.25     0.25  #CS22891-221 
   -2.99     0.11     0.15     0.15     0.25     0.25  #CS22893-005 
   -3.12     0.31     0.15     0.15     0.25     0.25  #CS22893-010 
   -2.85     0.09     0.15     0.15     0.25     0.25  #CS22896-015 
   -2.52     0.89     0.17     0.17        0        0  #CS22896-055  # Y Upper Limit
   -2.85     0.19     0.17     0.17     0.25     0.25  #CS22896-110 
   -3.83      0.6     0.15     0.15     0.25     0.25  #CS22897-008 
   -3.51      0.4     0.15     0.15     0.25     0.25  #CS22898-047 
   -2.72    -0.04     0.17     0.17     0.25     0.25  #CS22937-072 
    -3.1     0.32     0.17     0.17        0        0  #CS22940-077  # Y Upper Limit
   -3.14    -0.12     0.17     0.17        0        0  #CS22940-121  # Y Upper Limit
   -3.11     0.17     0.15     0.15     0.25     0.25  #CS22941-017 
   -3.61     0.35     0.15     0.15     0.25     0.25  #CS22942-002 
   -2.88     0.28     0.15     0.15     0.25     0.25  #CS22942-011 
   -3.08     0.22     0.15     0.15     0.25     0.25  #CS22942-035 
   -3.64     0.64     0.15     0.15     0.25     0.25  #CS22943-137 
   -3.22     0.28     0.15     0.15     0.25     0.25  #CS22944-032 
   -2.92     0.17     0.15     0.15     0.25     0.25  #CS22945-028 
   -2.82     1.59     0.17     0.17        0        0  #CS22945-056  # Y Upper Limit
   -2.84     0.91     0.17     0.17        0        0  #CS22945-063  # Y Upper Limit
   -3.55     0.17     0.15     0.15     0.25     0.25  #CS22949-048 
   -4.12     0.61     0.14     0.14     0.25     0.25  #CS22950-046 
   -2.84     0.17     0.14     0.14     0.25     0.25  #CS22951-059 
   -3.87    -0.65     0.15     0.15     0.25     0.25  #CS22952-015 
   -3.13     0.23     0.14     0.14     0.25     0.25  #CS22953-003 
    -3.1      0.5     0.17     0.17     0.25     0.25  #CS22955-174 
   -3.67     0.26     0.15     0.15     0.25     0.25  #CS22956-050 
   -2.75     0.21     0.21     0.21     0.25     0.25  #CS22956-062 
   -3.19    -0.72     0.15     0.15     0.25     0.25  #CS22956-114 
   -2.98    -0.01     0.15     0.15     0.25     0.25  #CS22957-013 
   -3.28     0.17     0.14     0.14     0.25     0.25  #CS22957-022 
   -2.51     0.33     0.17     0.17        0        0  #CS22958-037  # Y Upper Limit
   -3.05     0.53     0.14     0.14     0.25     0.25  #CS22958-083 
    -2.6    -0.21     0.15     0.15     0.25     0.25  #CS22959-074 
   -3.91     0.47     0.15     0.15     0.25     0.25  #CS22960-048 
   -2.77     0.14     0.14     0.14     0.25     0.25  #CS22960-064 
   -4.09     0.51     0.15     0.15     0.25     0.25  #CS22963-004 
   -3.13    -0.48     0.14     0.14     0.25     0.25  #CS22965-016 
   -3.99     0.39     0.15     0.15     0.25     0.25  #CS22968-014 
    -3.1     0.46     0.21     0.21     0.25     0.25  #CS22968-029 
   -2.76     0.26     0.21     0.21     0.25     0.25  #CS29493-062 
   -2.78     0.42     0.21     0.21     0.25     0.25  #CS29517-018 
   -3.22     0.12     0.14     0.14     0.25     0.25  #CS30312-044 
   -3.41     0.23     0.15     0.15     0.25     0.25  #CS30312-059 
   -2.69     0.69     0.17     0.17     0.25     0.25  #CS30339-052 
   -3.93      0.2     0.15     0.15     0.25     0.25  #CS30339-073 
   -3.27     0.12     0.15     0.15     0.25     0.25  #CS30492-110 
   -2.97     0.13     0.15     0.15     0.25     0.25  #CS30494-003 
   -3.09    -0.04     0.15     0.15     0.25     0.25  #CS31082-001 
   -2.97    -0.92     0.15     0.15     0.25     0.25  #HD13979 
   -3.13     0.38     0.15     0.15     0.25     0.25  #HD200654 
   -3.21     0.15     0.14     0.14     0.25     0.25  #HD237846 
   -3.77     0.25     0.15     0.15     0.25     0.25  #HE0056-3022 
   -3.05     0.15     0.15     0.15     0.25     0.25  #HE0336-2412 
   -3.38     0.33     0.15     0.15     0.25     0.25  #HE0454-4758 
   -3.18    -0.72     0.15     0.15     0.25     0.25  #HE1320-1339 
   -3.43        0     0.13     0.13     0.22     0.22  #CS30315-029 
   -2.56     0.23        0        0        0        0  #HE0105-6141 
   -2.86    -0.37        0        0        0        0  #HE0240-0807 
   -2.74     0.15        0        0        0        0  #HE0524-2055 
   -2.61     0.58        0        0        0        0  #HE2229-4153 
   -2.96     0.54     0.05     0.05      0.1      0.1  #HE0305-4520 
   -3.26    -0.32     0.14     0.14      0.1      0.1  #LAMOSTJ0006+1057 
   -2.75    -0.93     0.15     0.15     0.15     0.15  #LAMOSTJ0102+0428 
   -3.57    -0.51     0.19     0.19     0.15     0.15  #LAMOSTJ0126+0135 
   -3.36     0.08      0.1      0.1      0.1      0.1  #LAMOSTJ0326+0202 
   -2.96     0.43      0.2      0.2     0.26     0.26  #HE0109-4510 
   -3.02     0.69      0.2      0.2     0.25     0.25  #HE0440-1049 
   -3.43     1.27      0.2      0.2        0        0  #HE1218-1828  # Y Upper Limit
   -2.71     0.31      0.2      0.2     0.23     0.23  #HE1429-0347 
   -2.81    -0.24      0.2      0.2     0.28     0.28  #HE2159-0551 
   -4.34     1.45        0        0        0        0  #SDSSJ1204+1201  # Y Upper Limit
   -3.64     0.49     0.19     0.19        0        0  #SDSSJ1322+0123 
   -3.03    -0.52        0        0        0        0  #2MASSJ02031860-7930291 
   -2.68        1        0        0        0        0  #2MASSJ09380777-0600392  # Y Upper Limit
   -3.13    -0.05        0        0        0        0  #2MASSJ10242264-2904203 
   -2.63    -0.08        0        0        0        0  #2MASSJ23203653-3637223 
   -2.55     0.24        0        0        0        0  #2MASSJ23261426-3719492 
   -2.56    -0.25        0        0        0        0  #SMSSJ001952.15-525803.0 
   -3.17     0.29        0        0        0        0  #SMSSJ002148.06-471132.1 
   -2.53     0.05        0        0        0        0  #SMSSJ003055.81-482011.3 
   -3.36     -0.4        0        0        0        0  #SMSSJ003327.36-491037.9  # Y Upper Limit
   -3.83    -0.09        0        0        0        0  #SMSSJ004037.56-515025.2 
   -3.03     0.19        0        0        0        0  #SMSSJ010332.63-534654.3 
   -3.79     0.13        0        0        0        0  #SMSSJ010651.91-524410.5 
   -3.02     0.21        0        0        0        0  #SMSSJ010839.58-285701.5 
   -2.81    -0.27        0        0        0        0  #SMSSJ014624.60-352457.7 
   -2.62    -0.52        0        0        0        0  #SMSSJ015350.94-775525.6 
   -3.11     0.19        0        0        0        0  #SMSSJ015941.53-781408.7 
   -2.71    -0.54        0        0        0        0  #SMSSJ020748.93-465616.4 
   -2.87    -0.53        0        0        0        0  #SMSSJ021323.26-495936.5 
    -3.4     0.03        0        0        0        0  #SMSSJ022410.38-534659.9 
   -3.97     0.07        0        0        0        0  #SMSSJ022423.27-573705.1 
   -2.55     0.12        0        0        0        0  #SMSSJ022452.58-731051.8 
   -2.63     0.38        0        0        0        0  #SMSSJ022545.31-774119.9 
   -2.94      0.4        0        0        0        0  #SMSSJ023139.43-523957.4 
   -3.42     0.35        0        0        0        0  #SMSSJ023147.96-575341.7 
   -3.37     0.02        0        0        0        0  #SMSSJ024643.28-352502.4 
   -3.71     0.66        0        0        0        0  #SMSSJ024858.41-684306.4 
   -3.26     0.19        0        0        0        0  #SMSSJ031556.09-473442.1 
    -3.4    -0.13        0        0        0        0  #SMSSJ032132.29-363123.6 
   -3.44     0.65        0        0        0        0  #SMSSJ033005.90-681352.5 
   -3.09     0.35        0        0        0        0  #SMSSJ040148.04-743537.3 
   -2.97    -0.26        0        0        0        0  #SMSSJ041957.56-493818.3 
    -3.2     0.56        0        0        0        0  #SMSSJ051008.62-372019.8 
   -2.72     0.22        0        0        0        0  #SMSSJ061725.30-600740.6 
   -2.77     0.27        0        0        0        0  #SMSSJ062609.83-590503.2 
   -3.41     0.08        0        0        0        0  #SMSSJ063447.15-622355.0 
   -3.18    -0.18        0        0        0        0  #SMSSJ065014.40-614328.0 
   -2.62     0.42        0        0        0        0  #SMSSJ070257.95-600422.4 
   -3.63     -0.2        0        0        0        0  #SMSSJ085924.06-120104.9 
   -2.64     0.26        0        0        0        0  #SMSSJ091210.40-064427.9 
   -3.11     0.21        0        0        0        0  #SMSSJ093209.41-003435.8 
   -3.18    -0.13        0        0        0        0  #SMSSJ094029.05-060935.0 
   -2.99     0.18        0        0        0        0  #SMSSJ094755.04-102724.7 
   -2.62     0.34        0        0        0        0  #SMSSJ100251.13-000152.1 
    -2.9     0.15        0        0        0        0  #SMSSJ110850.60-080034.7  # Y Upper Limit
   -2.59     0.28        0        0        0        0  #SMSSJ121353.63-441911.2 
   -2.62     0.14        0        0        0        0  #SMSSJ122455.61-151134.0 
   -2.63     0.62        0        0        0        0  #SMSSJ123158.00-162317.6 
   -3.03     0.18        0        0        0        0  #SMSSJ123246.06-054559.1 
   -2.64     0.16        0        0        0        0  #SMSSJ125115.37-331448.1 
   -2.52     0.09        0        0        0        0  #SMSSJ125125.64-340343.4 
   -2.81    -0.07        0        0        0        0  #SMSSJ125451.18-334440.3 
   -3.44     0.61        0        0        0        0  #SMSSJ125804.65-335045.1 
   -2.54    -0.32        0        0        0        0  #SMSSJ133013.61-434632.4 
   -2.73     -0.5        0        0        0        0  #SMSSJ133532.32-210632.9 
   -2.56     0.23        0        0        0        0  #SMSSJ135217.78-151405.7 
   -2.76     0.18        0        0        0        0  #SMSSJ135625.09-161538.7 
   -2.58     0.23        0        0        0        0  #SMSSJ135819.95-150937.4 
   -3.15     0.27        0        0        0        0  #SMSSJ143511.34-420326.5 
   -2.71     0.04        0        0        0        0  #SMSSJ151101.05-182103.0 
   -2.73    -0.35        0        0        0        0  #SMSSJ151450.18-182946.0 
   -2.61    -0.26        0        0        0        0  #SMSSJ155430.57-263904.8 
   -2.79     0.36        0        0        0        0  #SMSSJ155628.74-165533.4 
   -2.66     0.26        0        0        0        0  #SMSSJ160447.75-293146.7 
   -3.58      0.6        0        0        0        0  #SMSSJ173823.36-145701.0 
    -2.5    -0.11        0        0        0        0  #SMSSJ174048.48-143635.6 
   -2.51      0.3        0        0        0        0  #SMSSJ174916.38-455427.5 
   -2.77     0.55        0        0        0        0  #SMSSJ174922.26-455103.8 
   -2.76     0.36        0        0        0        0  #SMSSJ175021.86-414627.2 
      -3    -0.33        0        0        0        0  #SMSSJ183246.49-343434.2 
   -2.99    -0.36        0        0        0        0  #SMSSJ183753.10-380725.9 
   -3.89    -0.29        0        0        0        0  #SMSSJ184226.25-272602.7  # Y Upper Limit
   -3.65     0.25        0        0        0        0  #SMSSJ184825.29-305929.7 
   -2.99    -0.79        0        0        0        0  #SMSSJ185628.44-231809.8 
   -3.11     0.35        0        0        0        0  #SMSSJ190549.33-214945.0 
   -3.33    -0.35        0        0        0        0  #SMSSJ190931.13-214053.9 
   -2.62     0.02        0        0        0        0  #SMSSJ191802.51-851523.0 
   -3.39    -0.26        0        0        0        0  #SMSSJ193528.46-462129.6  # Y Upper Limit
   -2.58    -0.45        0        0        0        0  #SMSSJ195931.70-643529.3 
   -3.22    -0.46        0        0        0        0  #SMSSJ200228.85-533114.4 
   -3.25     0.67        0        0        0        0  #SMSSJ200654.42-321157.7 
   -3.12    -0.23        0        0        0        0  #SMSSJ202057.49-522417.2  # Y Upper Limit
   -2.61    -0.21        0        0        0        0  #SMSSJ202123.89-515742.8 
   -2.62     0.09        0        0        0        0  #SMSSJ205313.80-651830.6 
   -3.41     0.38        0        0        0        0  #SMSSJ215805.81-651327.2 
   -2.56    -0.67        0        0        0        0  #SMSSJ221448.33-453949.9 
   -2.87    -0.56        0        0        0        0  #SMSSJ224838.41-550635.1 
   -3.48     0.35        0        0        0        0  #SMSSJ225851.25-265434.9 
   -3.35    -0.55        0        0        0        0  #SMSSJ230013.16-263511.0 
   -2.53    -0.12        0        0        0        0  #SMSSJ230113.95-291458.2 
   -3.41    -0.57     0.24     0.24     0.38     0.38  #LAMOSTJ110901.22+075441.8 
   -3.84     1.88     0.07     0.07        0        0  #SDSSJ012032.63-100106.5  # Y Upper Limit
   -2.91    -0.44     0.12     0.12      0.2      0.2  #RAVEJ203843.2-002333 
   -3.75    -0.47        0        0        0        0  #SDSSJ010505+461521 
   -3.25     0.68        0        0        0        0  #SDSSJ044655+113741 
   -3.35     0.12        0        0        0        0  #SDSSJ165618+342523 
   -3.05     0.02        0        0        0        0  #SDSSJ220646-092545 
   -3.42     0.51        0        0        0        0  #SDSSJ134338.67+484426.6 
   -4.07     0.94     0.07     0.07        0        0  #2MASSJ18082002-5104378  # Y Upper Limit
   -2.55     -0.7      0.1      0.1        0        0  #C1012254-203007 
    -2.7     0.55      0.3      0.3     0.31     0.31  #LAMOSTJ131457.78+374110.7 
   -2.56     0.03      0.3      0.3     0.31     0.31  #LAMOSTJ141412.27+001618.7 
   -2.68     -0.4      0.3      0.3     0.31     0.31  #LAMOSTJ145500.04+125106.2 
    -2.9    -0.65        0        0        0        0  #J00002259-1302275 
   -2.82    -0.58        0        0        0        0  #J00133067-1259594 
   -2.55    -0.85        0        0        0        0  #J00400685-4325183 
   -2.81     0.35        0        0        0        0  #J01293113-1600454 
      -3    -0.14        0        0        0        0  #J01430726-6445174 
    -2.8    -0.69        0        0        0        0  #J01451951-2800583 
   -2.94     0.05        0        0        0        0  #J01490794-4911429 
   -3.08    -0.76        0        0        0        0  #J02040793-3127556 
    -2.5    -0.33        0        0        0        0  #J02165716-7547064 
   -2.93    -0.05        0        0        0        0  #J02441479-5158241 
   -2.71     0.04        0        0        0        0  #J02462013-1518419 
   -2.87    -0.78        0        0        0        0  #J03563703-5838281 
   -2.73    -0.12        0        0        0        0  #J04121388-1205050 
   -2.71     0.08        0        0        0        0  #J14033542-3335257 
   -2.73    -0.86        0        0        0        0  #J14164084-2422000 
   -2.79    -0.14        0        0        0        0  #J14325334-4125494 
   -2.83    -0.82        0        0        0        0  #J15260106-0911388 
   -2.54    -0.14        0        0        0        0  #J15582962-1224344 
   -2.82    -0.65        0        0        0        0  #J16095117-0941174 
    -2.6      0.4        0        0        0        0  #J16184302-0630558 
   -2.51    -0.83        0        0        0        0  #J17094926-6239285 
   -2.78    -0.42        0        0        0        0  #J17124284-5211479 
   -2.59    -0.42        0        0        0        0  #J17255680-6603395 
   -3.02    -0.33        0        0        0        0  #J18121045-4934495 
   -2.57      0.1        0        0        0        0  #J18362318-6428124 
   -2.52    -0.75        0        0        0        0  #J18363613-7136597 
   -2.56    -0.77        0        0        0        0  #J19215077-4452545 
   -2.81    -0.55        0        0        0        0  #J19494025-5424113 
   -2.79    -0.44        0        0        0        0  #J19534978-5940001 
   -2.78    -0.36        0        0        0        0  #J20542346-0033097 
   -2.91     0.52        0        0        0        0  #J21063474-4957500 
   -2.76     0.53        0        0        0        0  #J21064294-6828266 
   -2.73    -0.45        0        0        0        0  #J21095804-0945400 
   -2.69     -0.1        0        0        0        0  #J21141350-5726363 
   -2.96    -0.18        0        0        0        0  #J21224590-4641030 
   -2.81    -0.88        0        0        0        0  #J21262525-2144243 
   -2.75     0.05        0        0        0        0  #J22021636-0536483 
   -2.64    -0.86        0        0        0        0  #J22595884-1554182 
   -2.64      0.3        0        0        0        0  #J23022289-6833233 
   -2.64     0.28        0        0        0        0  #J23130003-4507066 
   -3.13    -0.63        0        0        0        0  #J23265258-0159248 
    -3.1    -0.73        0        0     0.04     0.04  #SDSSJ082625.70+612515.10 
   -2.99     -0.5        0        0        0        0  #2MASSJ09544277+5246414 
   -3.16     0.76     0.15     0.15        0        0  #J0858-0809 
   -2.97     0.43     0.13     0.13        0        0  #J1432-4125 
   -4.64     1.81     0.13     0.13        0        0  #Pristine_221.8781+9.7844  # Y Upper Limit
   -2.89     0.46     0.09     0.09        0        0  #SDSSJ2123-0804 
