# X Y X1 X2 Y1 Y2
    -3.2     0.36     0.11     0.11     0.19     0.19  #CD-24_17504 
    -3.6     0.74     0.14     0.14     0.11     0.11  #BS16545-0089 
   -2.67     0.29     0.08     0.08     0.07     0.07  #G122-69 
   -2.91     0.29     0.18     0.18     0.25     0.25  #HE0043-2845 
   -2.64     0.15     0.17     0.17     0.25     0.25  #HE0333-4001 
   -2.77    -0.02     0.19     0.19     0.25     0.25  #HE0347-1819 
   -2.52     0.27     0.18     0.18     0.25     0.25  #HE0441-4343 
   -2.62      0.1     0.18     0.18     0.25     0.25  #HE0951-1152 
    -2.8     0.25     0.18     0.18     0.25     0.25  #HE1059-0118 
    -2.9     0.48     0.18     0.18     0.25     0.25  #HE1100-0137 
   -2.71     0.12     0.18     0.18     0.24     0.24  #HE1128-0823 
   -2.84     0.26     0.17     0.17     0.25     0.25  #HE1221-0522 
   -2.64     0.27     0.18     0.18     0.25     0.25  #HE1259-0621 
   -2.65    -0.05     0.18     0.18     0.25     0.25  #HE1421-2006 
   -2.78     0.28     0.17     0.17     0.25     0.25  #HE1430-0026 
    -2.6     0.17     0.18     0.18     0.25     0.25  #HE1431-2142 
   -2.85     0.58     0.14     0.14        0        0  #HE1303-2708 
   -3.66     0.68     0.12     0.12     0.07     0.07  #CS22876-032A 
   -3.57     0.58     0.21     0.21     0.08     0.08  #CS22876-032B 
   -2.71     0.34     0.08     0.08     0.05     0.05  #BD+03_740 
   -2.63     0.28     0.08     0.08     0.06     0.06  #BD+24_1676 
   -2.96      0.2        0        0     0.03     0.03  #BS16023-046 
   -3.04     0.32        0        0     0.04     0.04  #BS16968-061 
   -2.91     0.23        0        0     0.08     0.08  #BS17570-063 
   -3.29     0.42        0        0        0        0  #CS22948-093 
   -3.06      0.4        0        0     0.12     0.12  #CS22966-011 
   -3.19     0.49        0        0        0        0  #CS29518-043 
   -2.74     0.22        0        0     0.11     0.11  #CS30301-024 
   -3.07     0.25        0        0     0.05     0.05  #CS30339-069 
   -2.57      0.3        0        0     0.15     0.15  #CS31061-032 
   -3.23     0.04     0.16     0.16      0.1      0.1  #SDSSJ170339.60+283649.9 
   -3.36     0.09     0.16     0.16     0.06     0.06  #SDSSJ235718.91-005247.8 
   -3.22     0.87     0.24     0.24        0        0  #SDSSJ082511+163459 
   -3.23      0.4     0.11     0.11        0        0  #SDSSJ004029+160416 
   -3.44     0.49     0.17     0.17        0        0  #SDSSJ031745+002304 
   -3.42     0.61     0.09     0.09     0.21     0.21  #SDSSJ090733+024608 
   -3.01     0.41     0.12     0.12        0        0  #SDSSJ113528+010848 
   -3.18     0.35     0.11     0.11     0.12     0.12  #SDSSJ223143-094834 
   -2.99     0.55     0.14     0.14        0        0  #SDSSJ230814-085526 
   -3.06     0.47     0.11     0.11        0        0  #SDSSJ233113-010933 
   -2.85     0.31     0.14     0.14     0.09     0.09  #HE0025-2334 
   -2.77     0.37     0.15     0.15     0.13     0.13  #HE0028-2152 
   -2.56      0.2     0.16     0.16     0.02     0.02  #HE0054-2123 
    -2.6     0.47     0.15     0.15     0.03     0.03  #HE0105-2202 
   -2.67     0.58     0.14     0.14     0.07     0.07  #HE0142+0147 
    -2.6     0.07     0.16     0.16     0.17     0.17  #HE0255-0859 
   -3.03     0.23     0.11     0.11     0.14     0.14  #HE0257-1837 
   -3.04     0.43     0.18     0.18     0.09     0.09  #HE0406-2341 
   -2.71     0.34     0.14     0.14     0.07     0.07  #HE1320+0038 
   -3.44     0.76      0.1      0.1     0.54     0.54  #HE1346-0427  # Y Upper Limit
   -2.63     0.34     0.12     0.12     0.08     0.08  #HE2209-1240 
   -2.73     0.28     0.13     0.13     0.19     0.19  #HE2344-2800 
   -2.91     0.58     0.13     0.13     0.17     0.17  #LP831-70 
   -2.52     0.05      0.1      0.1      0.1      0.1  #HD106373 
   -3.28     0.64     0.11     0.11     0.25     0.25  #HE0102-1213 
   -3.01     0.44     0.12     0.12        0        0  #HE0253-1331 
   -2.87      0.4     0.12     0.12     0.16     0.16  #HE1055+0104 
   -3.17     0.99     0.14     0.14        0        0  #HE1402-0523 
   -2.93     0.69     0.14     0.14        0        0  #HE2020-5228 
   -3.31     0.94     0.13     0.13        0        0  #HE2135-1924 
   -2.46    -0.68      0.1      0.1     0.08     0.08  #SDSSJ001820.5-093939.2 
    -2.9     0.26     0.01     0.01     0.05     0.05  #CS30344-033 
   -2.85     0.06     0.21     0.21     0.25     0.25  #CS22169-008 
   -3.63     0.54     0.21     0.21        0        0  #CS22171-037  # Y Upper Limit
   -3.29     0.12     0.22     0.22     0.27     0.27  #CS22174-020 
   -3.42      0.3     0.21     0.21     0.28     0.28  #CS22177-009 
      -3     0.14     0.22     0.22     0.25     0.25  #CS22177-010 
   -2.86     0.18     0.21     0.21     0.24     0.24  #CS22180-014 
   -2.82     0.02     0.21     0.21     0.25     0.25  #CS22186-017 
   -2.85     0.19     0.21     0.21     0.24     0.24  #CS22872-102 
   -3.08     0.24     0.21     0.21     0.24     0.24  #CS22873-072 
   -2.79     0.42     0.21     0.21     0.22     0.22  #CS22874-123 
   -3.03     0.22     0.22     0.22     0.24     0.24  #CS22877-051 
   -2.97     0.18     0.21     0.21     0.23     0.23  #CS22878-002 
   -3.01     0.13     0.21     0.21     0.24     0.24  #CS22879-012 
   -3.02     0.25     0.21     0.21     0.24     0.24  #CS22879-051 
   -3.15     0.09     0.21     0.21     0.24     0.24  #CS22879-094 
   -2.79     0.28     0.17     0.17     0.21     0.21  #CS22881-039 
   -2.96     0.06     0.21     0.21     0.26     0.26  #CS22881-070 
   -2.94     0.11     0.21     0.21     0.23     0.23  #CS22882-006 
    -3.1     0.34     0.22     0.22     0.27     0.27  #CS22884-108 
   -2.78     0.18     0.21     0.21     0.24     0.24  #CS22885-040 
   -2.73     0.06     0.21     0.21     0.24     0.24  #CS22885-203 
   -2.92     0.04     0.21     0.21     0.24     0.24  #CS22886-003 
   -2.58     0.27     0.17     0.17      0.2      0.2  #CS22886-013 
   -2.73    -0.01     0.21     0.21     0.24     0.24  #CS22888-014 
   -3.71     0.39     0.22     0.22     0.29     0.29  #CS22888-031 
   -3.09     0.01     0.22     0.22     0.26     0.26  #CS22889-050 
   -2.68    -0.03     0.21     0.21     0.24     0.24  #CS22890-011 
   -3.12     0.19     0.21     0.21     0.23     0.23  #CS22890-064 
   -2.96      0.1     0.21     0.21     0.24     0.24  #CS22894-004 
   -2.98     0.07     0.22     0.22     0.24     0.24  #CS22894-019 
   -3.14     0.17     0.21     0.21     0.25     0.25  #CS22894-023 
   -2.84     0.28      0.1      0.1     0.15     0.15  #CS22894-049 
   -2.82     0.13     0.21     0.21     0.24     0.24  #CS22896-115 
   -2.83     0.16     0.17     0.17     0.21     0.21  #CS22898-043 
   -2.71     0.18     0.17     0.17     0.21     0.21  #CS22941-027 
   -2.95    -0.02     0.21     0.21     0.23     0.23  #CS22943-059 
   -2.63     0.16     0.21     0.21     0.25     0.25  #CS22943-132 
   -2.64     0.09     0.21     0.21     0.24     0.24  #CS22944-014 
   -2.96     0.25     0.22     0.22     0.24     0.24  #CS22944-061 
   -3.29     0.27     0.21     0.21     0.24     0.24  #CS22945-031 
   -2.98     0.21     0.21     0.21     0.23     0.23  #CS22945-058 
   -3.01     0.08     0.21     0.21     0.24     0.24  #CS22949-030 
   -2.74      0.1     0.21     0.21     0.25     0.25  #CS22951-005 
   -3.21     0.27     0.22     0.22     0.26     0.26  #CS22953-037 
      -3      0.1     0.21     0.21     0.24     0.24  #CS22954-004 
   -2.81     0.11     0.21     0.21     0.23     0.23  #CS22956-015 
   -2.73     0.13     0.21     0.21     0.23     0.23  #CS22956-021 
   -2.71     0.01     0.22     0.22     0.24     0.24  #CS22956-081 
   -2.69     0.23     0.22     0.22     0.24     0.24  #CS22956-106 
    -3.1     0.38     0.21     0.21     0.23     0.23  #CS22958-041 
   -2.67     0.06     0.21     0.21     0.25     0.25  #CS22958-074 
   -2.67     0.11     0.21     0.21     0.23     0.23  #CS22959-139 
   -3.05     0.16     0.22     0.22     0.24     0.24  #CS22960-029 
   -2.82     0.04     0.21     0.21     0.24     0.24  #CS22964-115 
   -2.56     0.02     0.21     0.21     0.23     0.23  #CS22964-176 
   -2.95     0.12     0.21     0.21     0.25     0.25  #CS22964-214 
   -3.17     0.43     0.22     0.22     0.24     0.24  #CS22965-054 
   -3.12     0.28     0.21     0.21     0.24     0.24  #CS22968-001 
   -2.89     0.04     0.21     0.21     0.24     0.24  #CS29493-023 
   -2.66     0.11     0.21     0.21     0.23     0.23  #CS29493-094 
   -2.81     0.18     0.21     0.21     0.24     0.24  #CS29499-058 
   -2.79     0.26     0.22     0.22     0.25     0.25  #CS29499-060 
   -2.92     0.14     0.21     0.21     0.25     0.25  #CS29501-032 
   -3.24     0.24     0.21     0.21     0.27     0.27  #CS29506-007 
   -3.21     0.05     0.22     0.22     0.26     0.26  #CS29506-090 
   -2.63     0.02     0.21     0.21     0.24     0.24  #CS29513-015 
   -2.84     0.05     0.21     0.21     0.24     0.24  #CS29514-018 
   -2.62    -0.06     0.21     0.21     0.25     0.25  #CS29514-037 
   -2.53     0.08     0.21     0.21     0.26     0.26  #CS29517-042 
   -2.55     0.12     0.21     0.21     0.22     0.22  #CS29529-054 
   -2.64     0.24     0.17     0.17     0.22     0.22  #CS30312-062 
      -3     0.18     0.22     0.22     0.24     0.24  #CS30339-015 
   -2.82     0.09     0.21     0.21     0.25     0.25  #CS30493-071 
   -2.53     -0.2      0.1      0.1     0.18     0.18  #G15-10 
    -2.6    -0.07      0.1      0.1     0.18     0.18  #G180-58 
   -3.12    -0.19      0.1      0.1     0.16     0.16  #G190-15 
   -3.17     0.01     0.21     0.21     0.27     0.27  #G206-34 
   -3.38     0.62     0.22     0.22        0        0  #G238-30  # Y Upper Limit
   -2.73     0.16     0.21     0.21     0.23     0.23  #G4-37 
   -3.07     0.09     0.21     0.21     0.25     0.25  #HD340279 
   -3.09      0.1     0.21     0.21     0.26     0.26  #HE0938+0114 
   -2.81     0.16      0.2      0.2     0.19     0.19  #HE0411-3558 
   -3.87        1      0.2      0.2        0        0  #HE0945-1435  # Y Upper Limit
      -3        1      0.2      0.2        0        0  #HE1241-2907  # Y Upper Limit
   -4.15        1      0.2      0.2        0        0  #HE2239-5019  # Y Upper Limit
   -3.29      0.4     0.04     0.04     0.05     0.05  #HE1337+0012 
   -2.55     0.39      0.2      0.2        0        0  #WISEJ0725-2351 
