# X Y X1 X2 Y1 Y2
    -2.9     0.74        0        0     0.08     0.08  #CS31082-001 
   -2.85     0.55     0.17     0.17        0        0  #BS17569-049 
   -3.44     1.41     0.18     0.18        0        0  #CS30322-023 
   -2.53     0.37     0.02     0.02     0.02     0.02  #HD122563 
   -3.06     0.66        0        0        0        0  #BD-18_5550 
   -3.77     0.59        0        0        0        0  #BS16467-062 
   -3.36     0.63        0        0        0        0  #BS16477-003 
   -2.88     0.69        0        0        0        0  #BS17569-49 
   -3.86     0.68        0        0        0        0  #CS22172-002 
      -3     0.65        0        0        0        0  #CS22186-025 
   -3.49     0.66        0        0        0        0  #CS22189-009 
   -2.99     0.56        0        0        0        0  #CS22873-055 
   -2.97     0.65        0        0        0        0  #CS22873-166 
   -3.25     0.57        0        0        0        0  #CS22878-101 
   -3.78     0.55        0        0        0        0  #CS22885-096 
   -3.29     0.61        0        0        0        0  #CS22891-209 
   -2.69     0.54        0        0        0        0  #CS22896-154 
   -3.14     0.66        0        0        0        0  #CS22948-066 
   -3.43     0.55        0        0        0        0  #CS22952-015 
   -2.84     0.41        0        0        0        0  #CS22953-003 
   -3.33      0.5        0        0        0        0  #CS22956-050 
   -2.62     0.54        0        0        0        0  #CS22966-057 
   -3.56     0.36        0        0        0        0  #CS22968-014 
   -3.04      0.7        0        0        0        0  #CS29491-053 
   -2.82      0.7        0        0        0        0  #CS29495-041 
   -3.19     0.42        0        0        0        0  #CS29502-042 
   -2.69      0.6        0        0        0        0  #CS29518-051 
    -3.3     0.92        0        0        0        0  #CS30325-094 
   -2.59     0.66        0        0        0        0  #HD186478 
   -3.23     0.53     0.18     0.18        0        0  #HE0039-4154 
   -3.39     1.23     0.15     0.15        0        0  #HE0130-1749 
   -2.86     0.36     0.14     0.14        0        0  #HE0226+0103 
   -3.16     0.87      0.2      0.2        0        0  #HE0312-5200 
   -2.95      0.7     0.18     0.18        0        0  #HE0332-1007 
   -2.72     0.45      0.2      0.2        0        0  #HE0533-5340 
   -3.85     1.15     0.12     0.12        0        0  #HE1357-0123  # Y Upper Limit
   -4.14     1.28     0.17     0.17        0        0  #HE1424-0241  # Y Upper Limit
   -3.06     0.43     0.14     0.14        0        0  #HE2215-2548 
   -2.93     0.86     0.17     0.17        0        0  #HE2339-5105 
   -3.75     0.55     0.01     0.01      0.1      0.1  #HE0048-6408 
   -3.46     0.77     0.01     0.01     0.17     0.17  #HE0139-2826 
   -3.65     0.75     0.01     0.01      0.1      0.1  #HE2233-4724 
   -4.06     0.32     0.15     0.15     0.23     0.23  #CS22891-200 
   -3.12     0.43     0.15     0.15     0.19     0.19  #CS22893-010 
   -3.31     0.28     0.15     0.15     0.18     0.18  #CS30314-067 
   -2.92     0.17     0.15     0.15     0.18     0.18  #BD-15_5781 
      -3     0.32     0.15     0.15     0.18     0.18  #BD-20_6008 
   -3.31     0.45     0.15     0.15     0.18     0.18  #CS22169-035 
   -2.68     0.32     0.14     0.14     0.18     0.18  #CS22172-029 
   -3.57     0.77     0.15     0.15     0.19     0.19  #CS22183-031 
   -3.06     0.53     0.15     0.15     0.18     0.18  #CS22185-007 
   -2.72     0.13     0.21     0.21     0.24     0.24  #CS22186-002 
   -3.32     0.77     0.14     0.14     0.18     0.18  #CS22873-128 
   -2.88     0.47     0.21     0.21     0.24     0.24  #CS22886-012 
   -2.85     0.24     0.15     0.15     0.18     0.18  #CS22896-015 
   -2.85     0.51     0.17     0.17      0.2      0.2  #CS22896-110 
   -3.83     0.37     0.15     0.15     0.21     0.21  #CS22897-008 
   -3.11     0.25     0.15     0.15      0.2      0.2  #CS22941-017 
   -2.88     0.11     0.15     0.15     0.19     0.19  #CS22942-011 
   -2.92     0.27     0.15     0.15     0.18     0.18  #CS22945-028 
   -4.12     0.59     0.14     0.14     0.19     0.19  #CS22950-046 
   -2.84     0.26     0.14     0.14     0.19     0.19  #CS22951-059 
   -2.98      0.2     0.15     0.15     0.18     0.18  #CS22957-013 
   -2.77     0.36     0.14     0.14     0.18     0.18  #CS22960-064 
   -3.13     0.33     0.14     0.14     0.18     0.18  #CS22965-016 
   -2.78     0.26     0.21     0.21     0.23     0.23  #CS29517-018 
   -3.27     0.32     0.15     0.15     0.19     0.19  #CS30492-110 
   -2.97     0.32     0.15     0.15     0.18     0.18  #CS30494-003 
   -3.29     0.46     0.15     0.15     0.18     0.18  #HD126587 
   -2.97     0.31     0.15     0.15     0.18     0.18  #HD13979 
   -3.13     0.37     0.15     0.15     0.18     0.18  #HD200654 
   -3.05     0.49     0.15     0.15     0.18     0.18  #HE0336-2412 
   -3.18     0.38     0.15     0.15     0.18     0.18  #HE1320-1339 
   -3.43        1     0.13     0.13     0.18     0.18  #CS30315-029 
   -2.56     0.45        0        0        0        0  #HE0105-6141 
   -2.86     0.78        0        0        0        0  #HE0240-0807 
   -2.74     0.98        0        0        0        0  #HE0524-2055 
   -2.61     0.83        0        0        0        0  #HE2229-4153 
   -3.26     0.74     0.14     0.14     0.01     0.01  #LAMOSTJ0006+1057 
   -2.75     0.58     0.15     0.15     0.08     0.08  #LAMOSTJ0102+0428 
   -3.57     0.55     0.19     0.19     0.17     0.17  #LAMOSTJ0126+0135 
   -3.36     0.82      0.1      0.1     0.03     0.03  #LAMOSTJ0326+0202 
   -2.79     0.44        0        0     0.01     0.01  #CS31082-0001 
   -3.72     0.23        0        0     0.02     0.02  #HE1116-0634 
   -2.89      0.3        0        0     0.01     0.01  #HE1317-0407 
   -3.09     0.26        0        0     0.01     0.01  #HE1523-0901 
   -3.38     0.35     0.03     0.03     0.04     0.04  #J002244.9-172429 
    -2.6     0.28     0.02     0.02     0.01     0.01  #J014519.5-280058 
   -2.48     0.41     0.01     0.01     0.01     0.01  #J024139.0-042735 
   -2.62     0.24     0.02     0.02     0.01     0.01  #J024325.9-324902 
   -2.74     0.28     0.03     0.03     0.02     0.02  #J061033.5-314107 
   -3.04     0.19     0.02     0.02     0.03     0.03  #J091043.1-144419 
   -2.56     0.27     0.02     0.02     0.01     0.01  #J095036.7-250628 
   -2.79     0.31     0.02     0.02     0.02     0.02  #J095246.9-085554 
   -2.53     0.32     0.02     0.02     0.01     0.01  #J112034.0-240615 
   -2.52     0.35     0.01     0.01     0.01     0.01  #J114440.9-040951 
   -2.72     0.34     0.02     0.02     0.01     0.01  #J120456.3-075923 
   -3.24     0.32     0.02     0.02     0.03     0.03  #J121846.5-161051 
   -2.62     0.36     0.01     0.01     0.01     0.01  #J133748.9-082617 
   -2.71     0.35     0.01     0.01     0.01     0.01  #J133931.4-125721 
   -2.51     0.29     0.01     0.01     0.01     0.01  #J134254.1-071701 
   -2.57     0.26     0.01     0.01     0.01     0.01  #J141640.8-242200 
   -3.03     0.27     0.02     0.02     0.02     0.02  #J153421.9-085747 
   -2.66     0.39     0.01     0.01     0.01     0.01  #J160951.2-094118 
   -2.74     0.27     0.02     0.02     0.01     0.01  #J200506.7-305745 
   -2.62     0.26     0.01     0.01     0.01     0.01  #J205423.5-003310 
   -2.58      0.3     0.01     0.01     0.01     0.01  #J211621.9-021342 
   -2.54     0.32        0        0     0.01     0.01  #TYC6088-1943-1 
   -2.88     0.35        0        0     0.01     0.01  #TYC75-1185-1 
