# X Y X1 X2 Y1 Y2
   -2.06    -0.35     0.08     0.08     0.15     0.15  #BD+17_3248 
   -2.45    -0.44     0.13     0.13     0.01     0.01  #HD2796 
   -2.41    -0.53      0.1      0.1     0.06     0.06  #BS17583-100 
   -2.51    -0.25     0.11     0.11     0.19     0.19  #HD110184 
   -2.52    -0.32     0.08     0.08      0.1      0.1  #HD140283 
   -2.62    -0.32     0.11     0.11     0.17     0.17  #HD6268 
   -2.09    -0.31        0        0        0        0  #BD+20_3603 
   -2.27    -0.31        0        0        0        0  #BD+26_2606 
   -1.69    -0.39        0        0        0        0  #HE1223-0133 
   -2.03     -0.6     0.11     0.11     0.04     0.04  #G139-8 
    -2.1    -0.33     0.19     0.19     0.13     0.13  #BD+08_2856 
   -2.27    -0.29     0.11     0.11     0.11     0.11  #BD+09_3223 
   -2.06    -0.47     0.17     0.17     0.12     0.12  #BD+10_2495 
   -1.71    -0.36      0.2      0.2     0.12     0.12  #BD+18_2890 
   -2.48    -0.25     0.15     0.15     0.24     0.24  #BD-11_145 
   -1.86    -0.25     0.16     0.16     0.15     0.15  #HD029574 
    -1.7    -0.41     0.16     0.16     0.06     0.06  #HD063791 
   -2.36    -0.24     0.12     0.12     0.11     0.11  #HD108577 
   -2.38    -0.35     0.14     0.14     0.09     0.09  #HD128279 
    -2.3    -0.29     0.19     0.19     0.14     0.14  #HD165195 
   -1.32    -0.46        0        0        0        0  #CS22166-041 
   -0.68    -0.17        0        0        0        0  #CS22170-028 
   -1.48    -0.61        0        0        0        0  #CS22174-008 
   -0.28    -0.04        0        0        0        0  #CS22175-034 
    -1.2    -0.33        0        0        0        0  #CS22180-040 
   -1.67    -0.46        0        0        0        0  #CS22185-009 
   -1.66     -0.2        0        0        0        0  #CS22871-040 
    0.24    -0.71        0        0        0        0  #CS22872-062 
   -0.42    -0.26        0        0        0        0  #CS22874-009 
   -1.88    -0.37        0        0        0        0  #CS22876-008 
    -1.1     -0.3        0        0        0        0  #CS22876-021 
   -2.06    -0.33        0        0        0        0  #CS22876-042 
   -2.05     -0.3        0        0        0        0  #CS22880-013 
   -1.85    -0.38        0        0        0        0  #CS22880-058 
   -1.67    -0.16        0        0        0        0  #CS22884-065 
   -1.36    -0.94        0        0        0        0  #CS22885-048 
   -0.38     0.02        0        0        0        0  #CS22885-162 
   -1.86    -0.62        0        0        0        0  #CS22892-020 
   -1.03    -0.27        0        0        0        0  #CS22892-027 
   -1.47    -0.58        0        0        0        0  #CS22894-029 
   -0.83    -0.25        0        0        0        0  #CS22894-043 
    -0.1    -0.48        0        0        0        0  #CS22896-103 
   -0.16    -0.72        0        0        0        0  #CS22896-149 
   -0.86    -0.04        0        0        0        0  #CS22896-173 
   -0.37    -0.26        0        0        0        0  #CS22897-057 
    -0.7    -0.42        0        0        0        0  #CS22937-017 
   -2.43     0.47        0        0        0        0  #CS22941-005 
   -2.03    -0.25        0        0        0        0  #CS22941-012 
   -0.14    -0.08        0        0        0        0  #CS22941-035 
   -1.24    -0.37        0        0        0        0  #CS22942-012 
   -1.37    -0.47        0        0        0        0  #CS22948-068 
   -1.63    -0.56        0        0        0        0  #CS22948-079 
   -1.86    -0.23        0        0        0        0  #CS22950-078 
   -0.42    -0.43        0        0        0        0  #CS22955-115 
   -2.13    -0.51        0        0        0        0  #CS22960-058 
   -1.99    -0.44        0        0        0        0  #CS22964-074 
   -1.34    -0.53        0        0        0        0  #CS22966-037 
   -1.96     0.29        0        0        0        0  #CS22966-043 
   -1.17    -0.23        0        0        0        0  #CS22966-054 
   -0.94    -0.69        0        0        0        0  #CS29518-024 
   -2.14     0.08        0        0        0        0  #CS29527-045 
   -2.21    -0.58     0.18     0.18     0.23     0.23  #CS30339-041 
   -2.68    -0.67     0.19     0.19     0.23     0.23  #CS31062-041 
   -1.58     -0.4      0.2      0.2     0.23     0.23  #HD20 
   -2.27    -0.31     0.18     0.18     0.25     0.25  #HE0018-1349 
   -2.06    -0.49     0.18     0.18     0.24     0.24  #HE0023-4825 
    -2.5    -0.91     0.18     0.18     0.23     0.23  #HE0029-1839 
   -1.77    -0.29     0.18     0.18     0.23     0.23  #HE0045-2430 
    -2.4    -0.69     0.18     0.18     0.24     0.24  #HE0049-5700 
   -2.44    -0.56     0.19     0.19     0.24     0.24  #HE0051-2304 
      -2    -0.43     0.18     0.18     0.24     0.24  #HE0054-0657 
   -2.13    -0.23     0.18     0.18     0.24     0.24  #HE0143-1135 
   -2.47     -0.4     0.19     0.19     0.23     0.23  #HE0200-0955 
   -2.49    -0.28     0.19     0.19     0.23     0.23  #HE0243-0753 
   -2.27    -0.41     0.19     0.19     0.24     0.24  #HE0300-0751 
   -2.32    -0.73     0.17     0.17     0.24     0.24  #HE0317-4640 
   -2.24    -0.49     0.18     0.18     0.24     0.24  #HE0328-1047 
   -2.19    -0.77     0.17     0.17     0.24     0.24  #HE0330-4004 
   -1.89    -0.43     0.17     0.17     0.24     0.24  #HE0330-4144 
   -1.81    -0.38     0.18     0.18     0.24     0.24  #HE0339-4027 
   -1.95    -0.54     0.18     0.18     0.23     0.23  #HE0340-3430 
   -1.82    -0.51     0.17     0.17     0.23     0.23  #HE0341-4024 
    -1.8    -0.43     0.18     0.18     0.23     0.23  #HE0344+0139 
   -2.33    -0.41     0.17     0.17     0.24     0.24  #HE0417-0821 
   -2.35    -0.45     0.18     0.18     0.24     0.24  #HE0436-4008 
   -2.41    -0.43      0.2      0.2     0.23     0.23  #HE0442-1234 
   -1.69    -0.35     0.18     0.18     0.24     0.24  #HE0447-4858 
   -2.38    -0.61     0.19     0.19     0.23     0.23  #HE0501-5139 
    -2.4     -0.4     0.19     0.19     0.23     0.23  #HE0501-5644 
   -2.39    -0.39     0.19     0.19     0.23     0.23  #HE0512-3835 
   -2.52    -0.25     0.18     0.18     0.23     0.23  #HE0520-1748 
   -2.01    -0.39     0.18     0.18     0.24     0.24  #HE0534-4615 
   -1.52    -0.19     0.18     0.18     0.24     0.24  #HE0538-4515 
   -2.29    -0.52     0.17     0.17     0.23     0.23  #HE1052-2548 
   -2.49     -0.5     0.18     0.18     0.24     0.24  #HE1131+0141 
   -2.38     -0.9     0.18     0.18     0.26     0.26  #HE1132+0125 
   -2.53    -0.58     0.18     0.18     0.25     0.25  #HE1132+0204 
   -2.26    -0.71     0.18     0.18     0.25     0.25  #HE1210+0048 
   -2.16    -0.45     0.19     0.19     0.24     0.24  #HE1212-0127 
   -2.44    -0.45     0.19     0.19     0.28     0.28  #HE1222-0200 
   -2.04    -0.55     0.17     0.17     0.24     0.24  #HE1222-0336 
   -1.96    -0.54     0.18     0.18     0.23     0.23  #HE1225-0515 
    -2.3    -0.71     0.17     0.17     0.23     0.23  #HE1230-1724 
   -2.08    -0.42      0.2      0.2     0.24     0.24  #HE1256-0228 
   -2.35     -0.6     0.18     0.18     0.23     0.23  #HE1256-0651 
   -2.33    -0.26     0.19     0.19     0.23     0.23  #HE1330-0607 
   -2.46    -0.48     0.18     0.18     0.24     0.24  #HE1332-0309 
   -2.47    -0.33     0.18     0.18     0.24     0.24  #HE1335+0135 
   -2.34    -0.59     0.18     0.18     0.23     0.23  #HE1337-0453 
   -2.02    -0.52     0.18     0.18     0.23     0.23  #HE2133-1432 
   -2.22    -0.32     0.19     0.19     0.26     0.26  #HE2134+0001 
   -2.43    -0.38     0.19     0.19     0.23     0.23  #HE2143+0030 
   -2.38    -0.57     0.18     0.18     0.25     0.25  #HE2151-2858 
   -2.49    -0.44     0.18     0.18     0.23     0.23  #HE2153-2719 
   -1.85    -0.32     0.19     0.19     0.24     0.24  #HE2154-2838 
   -2.07    -0.35     0.19     0.19     0.24     0.24  #HE2155+0136 
      -2    -0.47     0.18     0.18     0.24     0.24  #HE2200-2030 
    -1.7    -0.34      0.2      0.2     0.23     0.23  #HE2216-1548 
   -2.03    -0.49     0.17     0.17     0.24     0.24  #HE2221-4150 
   -2.12     -0.4     0.19     0.19     0.25     0.25  #HE2231-0622 
    -2.4    -0.62     0.18     0.18     0.24     0.24  #HE2238-2152 
   -2.21    -0.33     0.19     0.19     0.24     0.24  #HE2242-1930 
   -1.61    -0.45     0.18     0.18     0.23     0.23  #HE2243-0151 
   -2.26    -0.29     0.18     0.18     0.23     0.23  #HE2247-3705 
   -2.22    -0.38     0.18     0.18     0.24     0.24  #HE2250-2132 
   -1.93    -0.23     0.18     0.18     0.25     0.25  #HE2252-4157 
   -2.29    -0.54     0.17     0.17     0.24     0.24  #HE2259-3407 
    -2.1    -0.36     0.17     0.17     0.23     0.23  #HE2301-4024 
   -2.37    -0.55     0.19     0.19     0.23     0.23  #HE2301-4126 
   -2.15    -0.62     0.18     0.18     0.24     0.24  #HE2329-3702 
   -2.32    -0.54     0.18     0.18     0.23     0.23  #HE2335-5958B 
   -2.46    -0.46     0.18     0.18     0.24     0.24  #HE2345-1919 
   -1.83    -0.43     0.18     0.18     0.23     0.23  #HE2347-1254 
   -2.31    -0.72     0.18     0.18     0.25     0.25  #HE2347-1448 
   -2.39    -0.61      0.2      0.2     0.19     0.19  #BS17439-065 
    -2.4    -0.55     0.21     0.21     0.17     0.17  #CS30306-132 
   -2.35     -0.6     0.21     0.21     0.15     0.15  #CS30319-020 
   -2.19    -0.52     0.05     0.05     0.03     0.03  #BD+02_3375 
   -2.23     -0.6     0.05     0.05     0.09     0.09  #BD-04_3208 
   -1.84    -0.27     0.05     0.05     0.03     0.03  #HD025329 
   -1.28     -0.3     0.05     0.05     0.05     0.05  #HD102200 
   -0.82      0.1     0.05     0.05     0.07     0.07  #HD200580 
    -1.6    -0.24     0.05     0.05     0.03     0.03  #HD29907 
   -1.66    -0.41     0.05     0.05     0.03     0.03  #HD34328 
   -0.03    -0.12     0.05     0.05     0.06     0.06  #HD61421 
   -2.16    -0.46     0.05     0.05     0.08     0.08  #HD84937 
   -2.09    -0.51     0.08     0.08     0.06     0.06  #CS29522-046 
   -2.57    -0.68      0.1      0.1     0.03     0.03  #CS22190-007 
   -2.38    -0.67      0.1      0.1     0.06     0.06  #CS22878-121 
   -2.14    -0.58     0.12     0.12     0.03     0.03  #CS22886-043 
   -2.41    -0.78      0.1      0.1     0.04     0.04  #CS22944-039 
   -2.07    -0.32     0.11     0.11     0.08     0.08  #BD+80_245 
   -1.91     0.31     0.11     0.11     0.09     0.09  #G4-36 
   -1.63    -0.73     0.01     0.01     0.09     0.09  #BD+01_3070 
    -2.1     -0.6     0.02     0.02     0.08     0.08  #BD+04_2466 
   -2.69    -0.53     0.01     0.01     0.03     0.03  #BD+04_2621 
   -2.69    -0.74     0.01     0.01     0.08     0.08  #BD+09_2870 
   -2.11    -0.59     0.01     0.01     0.08     0.08  #BD+12_2547 
   -1.07    -0.57     0.01     0.01     0.04     0.04  #BD+13_2995 
   -1.44    -0.62     0.02     0.02     0.04     0.04  #BD+29_2356 
   -1.32    -0.67     0.02     0.02     0.09     0.09  #BD+30_2611 
   -1.55     -0.6     0.02     0.02     0.08     0.08  #G275-11 
   -1.87    -0.42     0.17     0.17      0.2      0.2  #G19-25 
    -2.5    -0.64     0.14     0.14     0.07     0.07  #HE0221-2127 
   -2.28     -0.1      0.2      0.2     0.06     0.06  #HE0349-0045 
   -2.34    -0.72     0.14     0.14     0.16     0.16  #HE0458-1346 
   -2.48    -0.67     0.12     0.12     0.03     0.03  #HE0508-1555 
   -2.43    -0.67     0.12     0.12     0.09     0.09  #HE1446-0140 
   -2.43    -0.41     0.13     0.13     0.12     0.12  #HE1500-1628 
    -2.4    -0.45     0.22     0.22     0.08     0.08  #HE2244-2116 
   -2.58    -0.58     0.13     0.13     0.03     0.03  #HE2341-2029 
    -1.7     -0.2     0.15     0.15     0.11     0.11  #HE2353-1758 
   -0.62    -0.12     0.12     0.12     0.08     0.08  #BD+13_2698 
   -1.99    -0.38     0.09     0.09      0.1      0.1  #BD+28_2137 
   -1.98    -0.38     0.09     0.09     0.07     0.07  #BD+34_2476 
   -1.38     -0.4     0.12     0.12      0.1      0.1  #BD+41_3931 
   -1.48    -0.34     0.12     0.12      0.1      0.1  #BD-03_5215 
   -1.57    -0.27     0.17     0.17     0.07     0.07  #BD-08_3901 
   -1.61    -0.36     0.17     0.17     0.09     0.09  #BD-10_548 
   -2.02    -0.35     0.12     0.12     0.13     0.13  #BD-14_5850 
   -2.16    -0.49     0.15     0.15      0.1      0.1  #BD-14_5890 
   -1.48    -0.26      0.1      0.1     0.09     0.09  #BD-17_484 
   -2.58    -0.34     0.18     0.18     0.16     0.16  #BD-18_0271 
    -1.3    -0.34     0.11     0.11     0.11     0.11  #G115-58 
   -1.35    -0.32      0.1      0.1     0.07     0.07  #G125-13 
   -0.92    -0.05     0.15     0.15     0.12     0.12  #G14-33 
   -1.88    -0.14     0.22     0.22     0.23     0.23  #G14-39 
    -1.1    -0.25     0.12     0.12     0.06     0.06  #G142-44 
   -1.47    -0.38     0.17     0.17     0.12     0.12  #G15-13 
   -0.67     0.07     0.14     0.14     0.08     0.08  #G153-21 
   -2.24    -0.35     0.12     0.12     0.16     0.16  #G154-34 
   -1.18    -0.29     0.21     0.21     0.09     0.09  #G166-37 
    -1.2    -0.34     0.15     0.15     0.14     0.14  #G18-24 
    -1.3    -0.33     0.12     0.12     0.09     0.09  #G187-40 
   -1.64    -0.28     0.12     0.12     0.07     0.07  #G188-30 
    -1.6    -0.26      0.1      0.1     0.07     0.07  #G20-15 
   -1.79    -0.28     0.09     0.09      0.1      0.1  #G206-23 
   -1.08    -0.32     0.11     0.11     0.09     0.09  #G210-33 
   -1.48    -0.27     0.15     0.15     0.07     0.07  #G23-14 
   -1.76    -0.42     0.11     0.11      0.1      0.1  #G231-52 
    -1.4    -0.31     0.11     0.11     0.09     0.09  #G24-3 
   -1.61    -0.43     0.11     0.11     0.09     0.09  #G25-24 
   -2.15    -0.33     0.09     0.09     0.08     0.08  #G43-3 
   -1.14    -0.32     0.12     0.12     0.08     0.08  #G53-41 
   -1.04    -0.24     0.12     0.12     0.07     0.07  #G60-26 
   -0.79    -0.08     0.16     0.16     0.12     0.12  #G66-51 
   -2.41    -0.17     0.19     0.19     0.12     0.12  #HD085773 
   -1.04     0.05     0.18     0.18     0.14     0.14  #HD103295 
   -1.44    -0.36     0.15     0.15     0.08     0.08  #HD105546 
   -2.28    -0.39     0.12     0.12     0.08     0.08  #HD108317 
   -1.35     -0.2     0.19     0.19     0.11     0.11  #HD111721 
      -1    -0.22      0.2      0.2     0.13     0.13  #HD112126 
   -1.91    -0.34      0.1      0.1     0.07     0.07  #HD116064 
   -1.89    -0.43     0.11     0.11      0.1      0.1  #HD119516 
   -1.76    -0.35      0.1      0.1     0.08     0.08  #HD122196 
    -1.7    -0.26     0.19     0.19     0.09     0.09  #HD122956 
   -1.69    -0.39     0.17     0.17     0.07     0.07  #HD124358 
   -1.24    -0.13     0.15     0.15     0.14     0.14  #HD134439 
   -1.17    -0.04     0.17     0.17     0.23     0.23  #HD149414 
   -0.62     0.14     0.23     0.23     0.11     0.11  #HD171496 
   -1.35    -0.26     0.16     0.16     0.08     0.08  #HD175305 
   -1.72    -0.25     0.11     0.11     0.09     0.09  #HD184266 
   -0.99    -0.13     0.11     0.11     0.14     0.14  #HD196892 
   -1.23    -0.25      0.2      0.2      0.1      0.1  #HD210295 
   -1.43     -0.3     0.17     0.17     0.07     0.07  #HD213467 
   -0.84     0.06      0.2      0.2     0.11     0.11  #HD213487 
   -1.96     -0.5     0.17     0.17     0.12     0.12  #HD214161 
   -1.93    -0.44      0.1      0.1     0.08     0.08  #HD214362 
   -1.39    -0.48     0.19     0.19      0.1      0.1  #HD215601 
   -1.94    -0.35     0.15     0.15      0.1      0.1  #HD218857 
   -1.35    -0.19     0.18     0.18     0.08     0.08  #HD233891 
   -2.03    -0.36     0.17     0.17     0.12     0.12  #HD33771 
   -2.18    -0.54     0.15     0.15     0.14     0.14  #HD5426 
   -1.35     -0.3      0.1      0.1     0.09     0.09  #LP443-65 
   -1.42    -0.09     0.17     0.17     0.08     0.08  #LP751-19 
   -2.29    -0.46     0.09     0.09     0.08     0.08  #LP763-87 
   -1.37    -0.24     0.13     0.13     0.17     0.17  #LP859-35 
   -1.46    -0.29     0.11     0.11     0.08     0.08  #LP877-23 
   -1.26    -0.23     0.11     0.11     0.09     0.09  #LP877-70 
    -1.5    -0.34     0.11     0.11      0.1      0.1  #LP894-3 
   -0.66    -0.05     0.11     0.11     0.14     0.14  #LTT15637 
   -2.09     -0.2     0.08     0.08     0.05     0.05  #G39-36 
   -2.62    -0.29     0.21     0.21     0.21     0.21  #CS30492-001 
    -1.8    -0.35     0.21     0.21     0.21     0.21  #BD+17_4708 
   -1.87     -0.2     0.17     0.17     0.17     0.17  #CD-36_1052 
   -2.54    -0.15     0.21     0.21     0.21     0.21  #CS22171-031 
   -2.18    -0.32     0.21     0.21     0.22     0.22  #CS22182-047 
    -2.2    -0.29     0.21     0.21      0.2      0.2  #CS22871-104 
   -2.47    -0.27     0.21     0.21     0.21     0.21  #CS22876-040 
   -2.12    -0.33     0.21     0.21     0.21     0.21  #CS22877-015 
   -2.16    -0.32     0.16     0.16     0.17     0.17  #CS22879-103 
   -2.01    -0.16     0.16     0.16     0.18     0.18  #CS22883-037 
   -2.48    -0.28     0.21     0.21     0.21     0.21  #CS22884-020 
   -1.86    -0.39     0.21     0.21     0.21     0.21  #CS22886-044 
   -2.54    -0.25     0.17     0.17     0.17     0.17  #CS22888-047 
    -2.4    -0.34      0.2      0.2     0.22     0.22  #CS22893-011 
   -1.43    -0.29     0.16     0.16     0.16     0.16  #CS22940-070 
   -2.52    -0.34     0.21     0.21     0.21     0.21  #CS22943-095 
   -2.54    -0.36     0.17     0.17     0.17     0.17  #CS22951-077 
   -2.11    -0.22     0.21     0.21     0.22     0.22  #CS22954-015 
   -1.37    -0.17     0.06     0.06     0.06     0.06  #CS22955-110 
   -2.43    -0.25     0.21     0.21     0.21     0.21  #CS22957-019 
   -1.93    -0.32     0.21     0.21     0.21     0.21  #CS22957-026 
   -2.28    -0.25     0.21     0.21     0.22     0.22  #CS22957-036 
   -2.62    -0.44     0.22     0.22      0.2      0.2  #CS22958-052 
   -2.29    -0.29     0.21     0.21     0.21     0.21  #CS22958-065 
   -2.57     -0.4     0.21     0.21     0.21     0.21  #CS22968-026 
   -2.44    -0.33      0.2      0.2     0.21     0.21  #CS29495-005 
   -2.51    -0.32     0.21     0.21     0.21     0.21  #CS29499-003 
   -2.38     0.65     0.17     0.17        0        0  #CS29504-004  # Y Upper Limit
   -2.47    -0.35     0.17     0.17     0.17     0.17  #CS29513-003 
   -2.35    -0.36     0.14     0.14     0.14     0.14  #CS29514-017 
   -2.69    -0.13     0.15     0.15     0.14     0.14  #CS30312-100 
   -2.29    -0.73     0.11     0.11     0.24     0.24  #G10-54 
   -2.06    -0.26     0.21     0.21     0.23     0.23  #G107-50 
   -2.61     -0.7      0.1      0.1     0.21     0.21  #G115-49 
    -1.9    -0.36     0.21     0.21     0.23     0.23  #G137-86 
   -1.58    -0.48     0.11     0.11     0.11     0.11  #G146-56 
   -2.08    -0.51     0.15     0.15     0.14     0.14  #G146-76 
   -1.08    -0.32      0.1      0.1      0.1      0.1  #G153-64 
   -2.08    -0.39     0.11     0.11     0.11     0.11  #G16-25 
   -2.46    -0.36     0.21     0.21     0.26     0.26  #G166-47 
   -1.95    -0.42      0.1      0.1     0.09     0.09  #G190-10 
   -2.14    -0.25     0.21     0.21     0.22     0.22  #G199-66 
   -1.72    -0.36     0.21     0.21     0.21     0.21  #G201-44 
   -2.29    -0.37      0.1      0.1     0.12     0.12  #G214-1 
    -1.8    -0.45      0.2      0.2     0.21     0.21  #G234-28 
   -1.59    -0.38     0.11     0.11     0.11     0.11  #G238-32 
   -2.33    -0.44      0.1      0.1     0.13     0.13  #G25-22 
   -2.08    -0.33      0.2      0.2     0.23     0.23  #G26-1 
   -2.06    -0.31     0.21     0.21     0.21     0.21  #G71-55 
   -2.35    -0.43     0.21     0.21     0.26     0.26  #G75-56 
   -1.94    -0.38     0.11     0.11     0.11     0.11  #G88-23 
   -1.79    -0.54     0.11     0.11     0.13     0.13  #G9-27 
    -2.4    -0.41     0.21     0.21     0.22     0.22  #G90-3 
    -1.7    -0.47     0.15     0.15     0.14     0.14  #HD021581 
   -1.98    -0.47     0.17     0.17      0.2      0.2  #HD026297 
   -1.84    -0.38     0.15     0.15     0.15     0.15  #HD11582 
   -2.05    -0.54     0.15     0.15     0.14     0.14  #HD126238 
   -2.01    -0.42     0.21     0.21     0.22     0.22  #HD16031 
   -2.39    -0.33     0.21     0.21     0.21     0.21  #HD175606 
   -1.99    -0.45     0.17     0.17     0.16     0.16  #HD178443 
    -1.7    -0.45     0.15     0.15     0.14     0.14  #HD220127 
   -1.87    -0.38     0.21     0.21     0.21     0.21  #HD31128 
    -2.6    -0.65     0.21     0.21      0.2      0.2  #HD338529 
   -1.73    -0.52     0.21     0.21      0.2      0.2  #HD345957 
   -1.59    -0.49     0.15     0.15     0.14     0.14  #HD45282 
   -2.03    -0.38      0.1      0.1     0.09     0.09  #HD64090 
   -2.34    -0.31        0        0        0        0  #HE0057-4541 
   -2.48    -0.22        0        0        0        0  #HE0516-3820 
   -2.42    -0.21     0.13     0.13     0.09     0.09  #LAMOSTJ0343-0227 
   -1.56     -0.2        0        0        0        0  #2MASSJ03084611-4747083 
   -2.39    -0.67        0        0        0        0  #2MASSJ10294248-0103238 
   -2.32    -0.06        0        0        0        0  #SMSSJ000113.96-363337.9 
   -2.32    -0.13        0        0        0        0  #SMSSJ001039.86-525851.4 
   -1.59    -0.08        0        0        0        0  #SMSSJ012147.80-495328.2 
   -2.22    -0.18        0        0        0        0  #SMSSJ022756.48-684256.6 
   -2.33    -0.56        0        0        0        0  #SMSSJ034249.53-284216.0 
    -2.5    -0.27        0        0        0        0  #SMSSJ055746.51-575057.4 
   -2.48    -0.34        0        0        0        0  #SMSSJ064349.43-653038.6 
   -2.08    -0.47        0        0        0        0  #SMSSJ080050.54-724620.6 
    -2.4    -0.31        0        0        0        0  #SMSSJ090247.43-122755.0 
   -2.34      0.7        0        0        0        0  #SMSSJ093829.27-070520.9 
   -1.48     -0.5        0        0        0        0  #SMSSJ095120.49-401431.3 
   -1.86    -0.73        0        0        0        0  #SMSSJ105320.99-435300.1 
   -1.98    -0.47        0        0        0        0  #SMSSJ105438.86-435819.9 
    -2.1    -0.71        0        0        0        0  #SMSSJ121716.48-442510.2 
   -2.35    -0.54        0        0        0        0  #SMSSJ130537.01-294438.3 
   -2.26    -0.23        0        0        0        0  #SMSSJ141547.72-414034.0 
   -2.24    -0.33        0        0        0        0  #SMSSJ164921.94-041943.9 
   -2.48    -0.35        0        0        0        0  #SMSSJ165023.82-252948.7 
    -2.2    -0.46        0        0        0        0  #SMSSJ165219.76-253133.7 
   -2.17    -0.63        0        0        0        0  #SMSSJ175046.30-425506.9 
   -2.46    -0.63        0        0        0        0  #SMSSJ175738.37-454823.5 
    -2.4    -0.58        0        0        0        0  #SMSSJ190911.03-213207.5 
   -1.29    -0.52        0        0        0        0  #SMSSJ193617.38-790231.4 
   -2.43    -0.36        0        0        0        0  #SMSSJ194432.13-720537.1 
   -2.31    -0.61        0        0        0        0  #SMSSJ195614.75-320145.9 
   -1.89    -0.44        0        0        0        0  #SMSSJ210021.85-653627.9 
    -2.4    -0.39        0        0        0        0  #SMSSJ211340.44-520017.5 
   -2.38    -0.44        0        0        0        0  #SMSSJ224843.95-543610.1 
   -0.49    -0.56     0.18     0.18      0.3      0.3  #Pristine180.8913+11.3199 
   -1.46     -0.2     0.31     0.31      0.3      0.3  #Pristine185.0799+14.6464 
    -0.3    -0.06     0.22     0.22      0.3      0.3  #Pristine196.6013+15.6768 
   -0.05    -0.02     0.16     0.16      0.3      0.3  #Pristine196.9043+06.8973 
   -1.57    -0.11     0.42     0.42      0.3      0.3  #Pristine205.4970+15.0564 
    -0.4    -0.11     0.23     0.23      0.3      0.3  #Pristine210.6952+12.8768 
   -0.35    -0.49     0.24     0.24      0.3      0.3  #Pristine220.6472+15.7418 
   -0.12    -0.06     0.14     0.14     0.04     0.04  #Pristine224.8486+07.0259 
    0.05    -0.06     0.16     0.16     0.06     0.06  #Pristine231.0319+06.4867 
   -0.12    -0.16     0.12     0.12     0.12     0.12  #Pristine231.2818+06.4018 
   -0.07    -0.11     0.17     0.17      0.3      0.3  #Pristine237.0863+10.5790 
   -1.84    -0.91      0.2      0.2      0.3      0.3  #Pristine249.2044+10.5327 
   -0.15     0.09     0.18     0.18     0.28     0.28  #Pristine254.0070+12.7611 
   -0.19    -0.24     0.16     0.16     0.14     0.14  #Pristine254.1519+12.6741 
   -0.06    -0.03     0.14     0.14     0.03     0.03  #Pristine254.4842+15.4573 
   -0.65    -0.13     0.23     0.23     0.33     0.33  #Pristine254.5606+15.4784 
   -1.93    -0.49        0        0     0.01     0.01  #CD-48_2445 
    -1.9    -0.49      0.1      0.1     0.05     0.05  #CS22874-042 
   -1.75    -0.38      0.1      0.1     0.21     0.21  #HD94028 
   -0.77    -0.59     0.07     0.07     0.03     0.03  #HD006833 
   -0.91    -0.46     0.07     0.07     0.03     0.03  #HD022879 
   -1.35    -0.39     0.07     0.07     0.02     0.02  #HD103095 
   -0.61    -0.29     0.08     0.08     0.04     0.04  #HD170153 
   -2.16     -0.5      0.1      0.1     0.08     0.08  #HD19445 
   -2.26    -0.62     0.07     0.07     0.03     0.03  #HD216143 
   -2.26    -0.56     0.06     0.06     0.01     0.01  #HD221170 
   -0.83    -0.31     0.08     0.08     0.07     0.07  #HD6582 
   -1.58     -0.3     0.08     0.08     0.02     0.02  #HD222925 
   -0.47     0.04     0.18     0.18     0.21     0.21  #SDSSJ0015+0013 
   -1.97     0.16     0.21     0.21     0.24     0.24  #SDSSJ0040+0025 
   -1.63    -0.03     0.13     0.13     0.08     0.08  #SDSSJ0042+0055 
   -1.14        0      0.2      0.2     0.14     0.14  #SDSSJ0309+0542 
   -0.99     0.14     0.19     0.19      0.3      0.3  #SDSSJ0346-0558 
   -1.29     0.05     0.17     0.17     0.18     0.18  #SDSSJ1337+0835 
   -0.43    -0.12     0.25     0.25     0.31     0.31  #SDSSJ1337+0837 
   -0.51     0.02     0.18     0.18     0.24     0.24  #SDSSJ1338+0830 
   -1.46    -0.29     0.23     0.23      0.3      0.3  #SDSSJ1342+0835 
   -0.48     0.38     0.22     0.22     0.14     0.14  #SDSSJ1343+0810 
   -0.84     0.03     0.07     0.07     0.42     0.42  #SDSSJ2011-1110 
   -1.66    -0.05     0.27     0.27      0.3      0.3  #SDSSJ2311+0026 
    -1.2     0.16     0.19     0.19     0.38     0.38  #SDSSJ2335+0819 
   -0.83    -0.21     0.23     0.23      0.3      0.3  #SDSSJ2337+1436 
   -1.88     0.39     0.02     0.02      0.2      0.2  #2MJ02134021-0005183 
   -2.42    -0.06     0.01     0.01     0.03     0.03  #2MJ11444480-1128167 
   -2.11    -0.07     0.01     0.01     0.01     0.01  #2MJ12091322-1415313 
   -1.98    -0.11     0.02     0.02     0.06     0.06  #2MJ13072823-0931148 
   -2.32     0.22     0.01     0.01     0.07     0.07  #2MJ13254554-1747547 
   -2.43     0.21     0.02     0.02     0.12     0.12  #2MJ13402720-0016031 
   -2.47    -0.46     0.02     0.02        0        0  #2MJ13431929-2358139 
   -1.87    -0.09     0.01     0.01     0.01     0.01  #2MJ14043762+0011117 
      -2     0.15     0.01     0.01     0.08     0.08  #2MJ15211026-0607566 
   -2.26     0.17     0.01     0.01     0.05     0.05  #2MJ22562536-0719562 
   -2.09     0.02     0.01     0.01     0.04     0.04  #J000738.2-034551 
   -2.28    -0.09     0.01     0.01     0.03     0.03  #J001236.5-181631 
   -2.35     0.07     0.02     0.02        0        0  #J003052.7-100704 
   -2.16     0.07     0.01     0.01     0.01     0.01  #J005327.8-025317 
   -2.32    -0.12     0.01     0.01     0.06     0.06  #J010727.4-052401 
   -2.38     0.22     0.02     0.02     0.06     0.06  #J022741.1-051923 
   -2.13    -0.45     0.03     0.03     0.13     0.13  #J023610.8-120256 
   -2.45     0.53     0.03     0.03      0.3      0.3  #J024620.1-151842 
   -2.23     0.14     0.01     0.01     0.05     0.05  #J030714.8-053455 
   -2.05    -0.01     0.02     0.02     0.04     0.04  #J031337.3-102056 
   -1.92    -0.07     0.01     0.01     0.09     0.09  #J034346.3-092417 
   -1.99        0     0.01     0.01     0.01     0.01  #J034621.6-073008 
   -2.38     0.15     0.02     0.02     0.02     0.02  #J035509.3-063711 
   -2.02    -0.02     0.01     0.01     0.08     0.08  #J041929.7-051749 
   -2.38    -0.04     0.01     0.01     0.03     0.03  #J042324.4-131506 
   -1.89     0.07     0.02     0.02     0.03     0.03  #J043422.5-232528 
   -2.44    -0.12     0.01     0.01      0.2      0.2  #J045301.7-243714 
   -2.19     0.09     0.01     0.01     0.06     0.06  #J045651.5-311543 
   -2.16    -0.09     0.02     0.02     0.23     0.23  #J050550.5-214508 
   -2.14    -0.04     0.01     0.01     0.05     0.05  #J051727.4-134235 
   -2.24     0.29     0.02     0.02        0        0  #J070520.3-334324 
   -2.05     0.02     0.01     0.01     0.02     0.02  #J091858.9-231151 
   -2.32    -0.36     0.02     0.02     0.15     0.15  #J092949.7-290559 
   -1.99     0.12     0.02     0.02     0.05     0.05  #J094634.8-062653 
   -2.24    -0.03     0.02     0.02        0        0  #J094921.8-161722 
   -2.33     0.01     0.02     0.02     0.09     0.09  #J095801.8-144614 
   -2.14     0.03     0.02     0.02     0.01     0.01  #J102237.8-340021 
   -2.24    -0.09     0.02     0.02     0.04     0.04  #J103139.9-082759 
      -2     -0.2     0.02     0.02     0.19     0.19  #J103634.4-193436 
   -2.18     -0.2     0.02     0.02     0.11     0.11  #J104921.9-115417 
   -1.73        0     0.01     0.01     0.01     0.01  #J105136.9-211547 
   -2.16     0.04     0.01     0.01        0        0  #J105941.4-205225 
   -2.33    -0.02     0.01     0.01     0.09     0.09  #J112427.4-215510 
   -2.45     0.07     0.01     0.01     0.06     0.06  #J113017.1-144933 
   -1.98    -0.01     0.02     0.02     0.05     0.05  #J113901.0-055814 
   -2.05     0.03     0.01     0.01        0        0  #J114638.8-042240 
      -2    -0.16     0.01     0.01     0.01     0.01  #J114729.9-052145 
   -2.41     0.31     0.03     0.03      0.4      0.4  #J115801.3-152218 
   -2.23     0.15     0.01     0.01     0.04     0.04  #J122927.0-044233 
   -2.12      0.1     0.01     0.01        0        0  #J123749.3-094930 
   -2.15    -0.15     0.02     0.02     0.01     0.01  #J125039.9-030749 
   -2.34     0.09     0.01     0.01        0        0  #J125631.4-083410 
   -1.95     0.19     0.01     0.01        0        0  #J130200.0-084328 
   -1.93     0.02     0.01     0.01     0.02     0.02  #J130604.3-094730 
   -2.44     0.22     0.01     0.01     0.01     0.01  #J132139.3-113805 
   -2.38    -0.27     0.01     0.01     0.04     0.04  #J132604.5-152502 
    -2.2     0.06     0.02     0.02        0        0  #J132846.9-173136 
   -2.12    -0.29     0.01     0.01     0.04     0.04  #J133352.8-262354 
   -2.45     0.23     0.01     0.01     0.05     0.05  #J133514.0-011052 
   -2.41    -0.19     0.01     0.01     0.22     0.22  #J140308.6-321401 
   -2.06    -0.03     0.02     0.02     0.01     0.01  #J141015.9-034355 
   -2.32     0.22     0.01     0.01        0        0  #J141808.7-284208 
   -2.08    -0.12     0.01     0.01     0.02     0.02  #J141914.0-084441 
   -2.05     0.02     0.01     0.01     0.02     0.02  #J150025.0-061337 
   -1.82    -0.03     0.01     0.01     0.09     0.09  #J150203.0-052857 
   -2.07    -0.08     0.01     0.01     0.13     0.13  #J150757.0-065959 
   -2.29     0.14     0.01     0.01     0.04     0.04  #J150833.9-145917 
   -2.46     0.26     0.01     0.01     0.02     0.02  #J151116.8+002525 
   -2.36    -0.03     0.01     0.01     0.01     0.01  #J151608.7-212200 
   -1.78     0.07     0.01     0.01        0        0  #J152713.5-233618 
   -2.09     0.19     0.02     0.02        0        0  #J153830.9-180424 
   -2.18    -0.28     0.01     0.01     0.12     0.12  #J154204.1-013121 
   -2.48    -0.19     0.01     0.01     0.07     0.07  #J154755.2-083710 
   -2.18     0.15     0.01     0.01     0.02     0.02  #J155427.3+002137 
   -1.87    -0.38     0.01     0.01     0.09     0.09  #J160245.0-152102 
   -2.09    -0.12     0.01     0.01     0.16     0.16  #J160612.7-040034 
   -2.28    -0.03     0.01     0.01        0        0  #J160642.3-163245 
   -2.11    -0.04     0.01     0.01        0        0  #J161228.3-084808 
    -1.8    -0.37     0.01     0.01     0.23     0.23  #J161228.4-054142 
   -1.97    -0.18     0.01     0.01      0.2      0.2  #J161635.6-040115 
   -2.41    -0.12     0.03     0.03        0        0  #J161843.1-063056 
   -2.36    -0.19     0.02     0.02     0.03     0.03  #J162722.5-084836 
      -2    -0.05     0.02     0.02     0.03     0.03  #J162856.2-101457 
   -2.07    -0.09     0.01     0.01     0.04     0.04  #J163931.1-052252 
   -2.15    -0.03     0.01     0.01        0        0  #J164551.2-042947 
   -1.24    -0.12     0.02     0.02        0        0  #J181146.8-212609 
   -1.89     0.01     0.01     0.01     0.01     0.01  #J190501.2-194928 
   -2.02     0.07     0.01     0.01     0.03     0.03  #J201027.8-082656 
   -2.24     0.05     0.02     0.02     0.07     0.07  #J203226.1+000014 
   -2.41     0.09     0.02     0.02        0        0  #J203622.6-071420 
   -2.16    -0.03     0.01     0.01        0        0  #J203858.9-025212 
   -2.36    -0.06     0.02     0.02     0.04     0.04  #J205849.2-035434 
   -2.47    -0.33     0.01     0.01     0.08     0.08  #J215136.0-054340 
   -1.97    -0.21     0.01     0.01     0.07     0.07  #J225652.6-050007 
   -2.46     0.13     0.02     0.02     0.08     0.08  #J230430.2+015517 
    -2.3     0.02     0.02     0.02     0.08     0.08  #J232519.0-081554 
   -2.36    -0.12        0        0     0.03     0.03  #TYC4924-33-1 
   -2.02    -0.29        0        0     0.04     0.04  #TYC4995-333-1 
   -2.41     0.05        0        0     0.03     0.03  #TYC5329-1927-1 
   -2.47     -0.2        0        0     0.11     0.11  #TYC5861-1732-1 
   -2.12     0.03        0        0        0        0  #TYC6535-3183-1 
   -2.45    -0.37        0        0     0.09     0.09  #TYC6900-414-1 
   -0.58    -0.23        0        0        0        0  #BD+00_2627 
   -0.87    -0.41        0        0        0        0  #BD+00_549 
   -0.84    -0.41        0        0        0        0  #BD+11_4725 
   -0.81    -0.28        0        0        0        0  #BD+14_3384 
   -0.92    -0.35        0        0        0        0  #BD+18_3423 
   -0.99    -0.43        0        0        0        0  #BD+20_2594 
   -0.88    -0.09        0        0        0        0  #BD+22_2442 
   -1.19    -0.29        0        0        0        0  #BD+26_4251 
   -2.03    -0.48        0        0        0        0  #BD+29_2091 
   -0.87    -0.31        0        0        0        0  #BD+31_3025 
    0.09    -0.15        0        0        0        0  #BD+35_4669 
    -0.9    -0.44        0        0        0        0  #BD+36_1898 
   -1.39    -0.35        0        0        0        0  #BD+42_2667 
   -0.24    -0.12        0        0        0        0  #BD+46_1264 
   -0.85    -0.43        0        0        0        0  #BD+46_610 
   -1.55    -0.41        0        0        0        0  #BD+51_1696 
   -0.59    -0.21        0        0        0        0  #BD+59_1609 
    -0.7    -0.19        0        0        0        0  #BD+65_737 
   -0.64    -0.23        0        0        0        0  #BD+67_1034 
   -0.94    -0.39        0        0        0        0  #BD+68_394 
   -0.43    -0.07        0        0        0        0  #BD+70_1218 
   -0.45    -0.17        0        0        0        0  #BD+70_950 
   -1.29    -0.52        0        0        0        0  #BD+73_39 
   -0.55    -0.19        0        0        0        0  #BD+73_943 
      -1    -0.35        0        0        0        0  #BD+75_839 
   -0.47    -0.15        0        0        0        0  #BD+77_876 
   -0.92    -0.41        0        0        0        0  #BD+79_22 
   -0.92    -0.42        0        0        0        0  #BD-01_306 
   -0.62    -0.23        0        0        0        0  #BD-04_2862 
   -0.71    -0.21        0        0        0        0  #CD-28_8426 
   -1.52    -0.59        0        0        0        0  #G115-22 
   -0.79     -0.2        0        0        0        0  #G159-5 
   -1.44    -0.29        0        0        0        0  #G37-38 
      -1    -0.36        0        0        0        0  #G75-31 
   -0.89     -0.3        0        0        0        0  #G9-31 
   -0.88    -0.41        0        0        0        0  #HD103723 
   -0.84    -0.34        0        0        0        0  #HD104800 
   -0.69    -0.29        0        0        0        0  #HD10519 
   -0.79    -0.36        0        0        0        0  #HD106516 
   -0.77    -0.27        0        0        0        0  #HD107582 
   -0.69    -0.36        0        0        0        0  #HD107760 
   -0.64    -0.23        0        0        0        0  #HD110642 
   -0.88    -0.33        0        0        0        0  #HD110898 
   -0.29    -0.14        0        0        0        0  #HD111367 
   -1.03    -0.62        0        0        0        0  #HD111980 
   -0.65    -0.25        0        0        0        0  #HD11397 
   -0.26    -0.14        0        0        0        0  #HD114094 
   -0.76    -0.37        0        0        0        0  #HD114762 
   -0.49    -0.23        0        0        0        0  #HD116926 
   -0.67    -0.26        0        0        0        0  #HD126512 
   -1.15    -0.48        0        0        0        0  #HD126681 
   -0.44    -0.28        0        0        0        0  #HD127340 
   -0.19    -0.08        0        0        0        0  #HD129290 
   -0.78    -0.27        0        0        0        0  #HD131597 
   -0.16    -0.08        0        0        0        0  #HD132130 
   -1.51     -0.4        0        0        0        0  #HD132475 
    -0.8    -0.33        0        0        0        0  #HD134088 
    -0.9    -0.36        0        0        0        0  #HD134113 
   -0.28    -0.14        0        0        0        0  #HD135145 
   -0.44    -0.21        0        0        0        0  #HD136231 
   -0.72    -0.34        0        0        0        0  #HD14056 
   -0.74    -0.43        0        0        0        0  #HD14106 
   -0.85    -0.28        0        0        0        0  #HD148816 
   -0.43    -0.23        0        0        0        0  #HD150433 
   -0.06     -0.1        0        0        0        0  #HD150633 
    0.04    -0.05        0        0        0        0  #HD151504 
    0.04    -0.08        0        0        0        0  #HD156342 
   -0.57     -0.2        0        0        0        0  #HD156802 
   -0.34    -0.24        0        0        0        0  #HD156893 
   -0.56    -0.25        0        0        0        0  #HD158226 
   -0.75     -0.3        0        0        0        0  #HD158809 
   -0.44    -0.19        0        0        0        0  #HD159001 
   -0.48    -0.23        0        0        0        0  #HD159062 
   -0.75    -0.33        0        0        0        0  #HD159482 
   -0.59    -0.24        0        0        0        0  #HD160693 
   -0.35    -0.06        0        0        0        0  #HD161848 
   -0.26    -0.13        0        0        0        0  #HD162756 
   -0.86    -0.36        0        0        0        0  #HD163799 
   -0.21    -0.26        0        0        0        0  #HD16609 
   -0.25    -0.16        0        0        0        0  #HD167677 
   -0.77    -0.16        0        0        0        0  #HD170357 
   -0.55    -0.21        0        0        0        0  #HD171009 
   -0.75    -0.31        0        0        0        0  #HD17820 
   -0.32    -0.18        0        0        0        0  #HD178496 
   -1.17    -0.37        0        0        0        0  #HD179626 
   -0.61    -0.33        0        0        0        0  #HD184499 
   -0.23     0.01        0        0        0        0  #HD188326 
   -1.66    -0.49        0        0        0        0  #HD188510 
    -0.7    -0.24        0        0        0        0  #HD18907 
   -1.18    -0.45        0        0        0        0  #HD189558 
   -0.54     -0.2        0        0        0        0  #HD19034 
   -0.17    -0.17        0        0        0        0  #HD191069 
   -0.59    -0.27        0        0        0        0  #HD192718 
   -1.04    -0.52        0        0        0        0  #HD193901 
    0.04     -0.1        0        0        0        0  #HD197207 
   -0.78    -0.31        0        0        0        0  #HD20039 
   -1.12    -0.57        0        0        0        0  #HD201891 
   -0.32     -0.1        0        0        0        0  #HD20512 
   -0.98    -0.42        0        0        0        0  #HD212029 
    -0.5    -0.14        0        0        0        0  #HD214059 
   -0.75    -0.38        0        0        0        0  #HD216179 
   -0.68    -0.25        0        0        0        0  #HD217231 
   -0.56    -0.25        0        0        0        0  #HD221830 
    0.32        0        0        0        0        0  #HD22254 
   -0.82    -0.32        0        0        0        0  #HD222794 
    0.15    -0.08        0        0        0        0  #HD230999 
    -0.4    -0.24        0        0        0        0  #HD232996 
   -0.49    -0.28        0        0        0        0  #HD233345 
   -1.08     -0.3        0        0        0        0  #HD23439 
   -0.71    -0.32        0        0        0        0  #HD237354 
   -0.51     -0.3        0        0        0        0  #HD240299 
   -1.05    -0.54        0        0        0        0  #HD241253 
    -0.8    -0.31        0        0        0        0  #HD246067 
   -1.06    -0.49        0        0        0        0  #HD250792 
   -0.68    -0.29        0        0        0        0  #HD283807 
   -0.29    -0.15        0        0        0        0  #HD285571 
    -0.5    -0.27        0        0        0        0  #HD28645 
   -0.46    -0.21        0        0        0        0  #HD29400 
     0.1     -0.1        0        0        0        0  #HD29528 
   -0.37    -0.14        0        0        0        0  #HD31501 
   -0.54     -0.2        0        0        0        0  #HD33449 
   -0.33    -0.16        0        0        0        0  #HD3403 
   -0.34    -0.18        0        0        0        0  #HD344779 
    0.05    -0.06        0        0        0        0  #HD36130 
   -0.28    -0.19        0        0        0        0  #HD3628 
    -0.4    -0.21        0        0        0        0  #HD36283 
   -0.39    -0.29        0        0        0        0  #HD37739 
    -0.7     -0.2        0        0        0        0  #HD3795 
   -0.86     -0.4        0        0        0        0  #HD38510 
   -0.73    -0.29        0        0        0        0  #HD39861 
   -0.55    -0.33        0        0        0        0  #HD4156 
   -0.92    -0.49        0        0        0        0  #HD45205 
   -0.64    -0.16        0        0        0        0  #HD46341 
    -0.1    -0.13        0        0        0        0  #HD51219 
   -0.67    -0.23        0        0        0        0  #HD5256 
    -0.2     -0.1        0        0        0        0  #HD54351 
   -0.35    -0.18        0        0        0        0  #HD56451 
   -0.82    -0.41        0        0        0        0  #HD60319 
   -0.56    -0.28        0        0        0        0  #HD61383 
   -0.84    -0.55        0        0        0        0  #HD64385 
   -0.79    -0.26        0        0        0        0  #HD6500 
   -0.46    -0.16        0        0        0        0  #HD65871 
   -0.52    -0.19        0        0        0        0  #HD6734 
   -0.52     -0.2        0        0        0        0  #HD68017 
   -0.67    -0.32        0        0        0        0  #HD69611 
   -0.75    -0.24        0        0        0        0  #HD74011 
   -0.64    -0.17        0        0        0        0  #HD7424 
   -0.64    -0.29        0        0        0        0  #HD75530 
   -0.91    -0.36        0        0        0        0  #HD76932 
   -0.56    -0.21        0        0        0        0  #HD78558 
   -0.72    -0.27        0        0        0        0  #HD7983 
   -0.51    -0.22        0        0        0        0  #HD80811 
   -0.52    -0.23        0        0        0        0  #HD84038 
   -0.46    -0.16        0        0        0        0  #HD8638 
   -0.53    -0.14        0        0        0        0  #HD89707 
    -1.3    -0.48        0        0        0        0  #HD91121 
   -0.07    -0.05        0        0        0        0  #HD91988 
    0.06    -0.09        0        0        0        0  #HD94667 
   -0.44    -0.22        0        0        0        0  #HD96094 
   -1.09    -0.53        0        0        0        0  #HE0035-0834 
   -0.03    -0.08        0        0        0        0  #HD101501 
    0.06    -0.09        0        0        0        0  #HD10307 
    0.25    -0.02        0        0        0        0  #HD104304 
   -0.01    -0.03        0        0        0        0  #HD10476 
    0.13    -0.08        0        0        0        0  #HD10697 
     0.1    -0.08        0        0        0        0  #HD10780 
    -0.5    -0.19        0        0        0        0  #HD110897 
     0.1    -0.05        0        0        0        0  #HD111395 
   -0.33    -0.09        0        0        0        0  #HD114946 
    0.21    -0.16        0        0        0        0  #HD115383 
    0.11    -0.06        0        0        0        0  #HD115617 
   -0.11    -0.12        0        0        0        0  #HD117176 
       0     0.06        0        0        0        0  #HD122742 
    0.05    -0.11        0        0        0        0  #HD123 
    0.07    -0.21        0        0        0        0  #HD124570 
    0.25    -0.05        0        0        0        0  #HD125184 
    0.22    -0.04        0        0        0        0  #HD127334 
   -0.13    -0.15        0        0        0        0  #HD131156 
    0.08    -0.11        0        0        0        0  #HD131511 
   -0.19    -0.12        0        0        0        0  #HD133640 
    0.28     0.08        0        0        0        0  #HD134987 
    0.04     0.15        0        0        0        0  #HD136064 
   -0.06    -0.03        0        0        0        0  #HD137108 
    0.43     0.01        0        0        0        0  #HD137510 
   -0.01    -0.06        0        0        0        0  #HD141004 
    0.17    -0.01        0        0        0        0  #HD14214 
   -0.51    -0.13        0        0        0        0  #HD142373 
   -0.22     -0.2        0        0        0        0  #HD143761 
    0.28     0.09        0        0        0        0  #HD144585 
    0.05        0        0        0        0        0  #HD149661 
   -0.04      0.3        0        0        0        0  #HD150706 
    -0.2    -0.12        0        0        0        0  #HD15335 
   -0.23    -0.08        0        0        0        0  #HD156826 
   -0.37    -0.19        0        0        0        0  #HD157214 
     0.1    -0.15        0        0        0        0  #HD16141 
    0.29    -0.07        0        0        0        0  #HD161797 
   -0.03     0.34        0        0        0        0  #HD163989 
    0.05    -0.03        0        0        0        0  #HD165341 
   -0.46      0.1        0        0        0        0  #HD165908 
    0.05     0.06        0        0        0        0  #HD16673 
    0.05     -0.1        0        0        0        0  #HD168443 
    0.06    -0.06        0        0        0        0  #HD16895 
    0.17    -0.04        0        0        0        0  #HD169830 
    0.16     -0.1        0        0        0        0  #HD178428 
    0.13    -0.07        0        0        0        0  #HD17925 
    0.15    -0.02        0        0        0        0  #HD181655 
    0.21     0.02        0        0        0        0  #HD182488 
    0.33     0.03        0        0        0        0  #HD182572 
    0.11    -0.09        0        0        0        0  #HD187691 
    0.15        0        0        0        0        0  #HD18803 
    0.06    -0.15        0        0        0        0  #HD190406 
   -0.06    -0.15        0        0        0        0  #HD193664 
    0.04    -0.03        0        0        0        0  #HD195019 
    0.09    -0.07        0        0        0        0  #HD196755 
   -0.08    -0.12        0        0        0        0  #HD197076 
    0.28    -0.09        0        0        0        0  #HD199960 
    0.11    -0.09        0        0        0        0  #HD20630 
   -0.49     0.25        0        0        0        0  #HD207978 
    -0.5    -0.11        0        0        0        0  #HD21019 
    0.25    -0.05        0        0        0        0  #HD210277 
   -0.19    -0.04        0        0        0        0  #HD216385 
     0.2    -0.13        0        0        0        0  #HD217014 
    0.31    -0.07        0        0        0        0  #HD217107 
    0.05    -0.19        0        0        0        0  #HD219623 
   -0.03    -0.19        0        0        0        0  #HD222368 
   -0.41    -0.09        0        0        0        0  #HD225239 
    0.23    -0.11        0        0        0        0  #HD30562 
    -0.2    -0.18        0        0        0        0  #HD32923 
   -0.13    -0.06        0        0        0        0  #HD33636 
    0.11    -0.08        0        0        0        0  #HD34411 
   -0.24    -0.03        0        0        0        0  #HD400 
    0.12    -0.13        0        0        0        0  #HD43042 
   -0.29    -0.13        0        0        0        0  #HD4307 
   -0.19    -0.12        0        0        0        0  #HD43318 
   -0.21    -0.17        0        0        0        0  #HD4614 
   -0.24    -0.24        0        0        0        0  #HD4628 
   -0.05    -0.03        0        0        0        0  #HD4813 
    0.13    -0.06        0        0        0        0  #HD5015 
   -0.03    -0.09        0        0        0        0  #HD50554 
   -0.11    -0.06        0        0        0        0  #HD52711 
   -0.33    -0.08        0        0        0        0  #HD55575 
   -0.65     0.07        0        0        0        0  #HD59984 
    0.13    -0.17        0        0        0        0  #HD67228 
   -0.05    -0.06        0        0        0        0  #HD67767 
   -0.01     0.02        0        0        0        0  #HD69830 
   -0.31    -0.12        0        0        0        0  #HD69897 
    0.12    -0.12        0        0        0        0  #HD70110 
    0.46     0.02        0        0        0        0  #HD75732 
    0.02     0.07        0        0        0        0  #HD76151 
   -0.34    -0.19        0        0        0        0  #HD81809 
    0.33        0        0        0        0        0  #HD82885 
    0.27    -0.02        0        0        0        0  #HD82943 
    0.27    -0.05        0        0        0        0  #HD86728 
    0.05    -0.08        0        0        0        0  #HD88986 
   -0.39     0.09        0        0        0        0  #HD89125 
   -0.21    -0.16        0        0        0        0  #HD91889 
    0.01    -0.07        0        0        0        0  #HD95128 
   -0.27    -0.09        0        0        0        0  #HD95241 
    0.26        0        0        0        0        0  #HD9562 
    0.33     0.01        0        0        0        0  #HD99491 
   -1.39     -0.4        0        0        0        0  #BD+07_4841 
   -0.93    -0.37        0        0        0        0  #BD+26_2251 
   -1.13    -0.36        0        0        0        0  #BD-21_3420 
   -1.36    -0.31        0        0        0        0  #CD-33_3337 
   -0.43    -0.23        0        0        0        0  #CD-43_6810 
   -0.91    -0.35        0        0        0        0  #CD-45_3283 
    -1.3     -0.4        0        0        0        0  #CD-51_4628 
    -0.9    -0.38        0        0        0        0  #CD-57_1633 
   -1.23    -0.41        0        0        0        0  #CD-61_282 
   -1.18    -0.39        0        0        0        0  #G05-19 
   -1.25    -0.23        0        0        0        0  #G112-43 
   -1.29    -0.27        0        0        0        0  #G112-44 
    -1.1    -0.34        0        0        0        0  #G114-42 
   -1.48    -0.38        0        0        0        0  #G119-64 
   -0.53    -0.24        0        0        0        0  #G127-26 
   -0.88    -0.25        0        0        0        0  #G13-38 
    -1.1    -0.36        0        0        0        0  #G15-23 
   -0.81    -0.24        0        0        0        0  #G150-40 
   -0.93    -0.29        0        0        0        0  #G159-50 
   -1.42    -0.38        0        0        0        0  #G16-20 
      -1     -0.4        0        0        0        0  #G161-73 
   -0.92    -0.34        0        0        0        0  #G170-56 
      -1     -0.3        0        0        0        0  #G172-61 
   -0.83    -0.26        0        0        0        0  #G18-28 
   -0.67    -0.23        0        0        0        0  #G187-18 
   -1.32    -0.38        0        0        0        0  #G188-22 
   -1.34    -0.42        0        0        0        0  #G192-43 
   -1.09    -0.43        0        0        0        0  #G21-22 
   -0.93    -0.34        0        0        0        0  #G232-18 
   -0.72    -0.29        0        0        0        0  #G24-13 
    -1.4    -0.41        0        0        0        0  #G24-25 
    -1.1     -0.3        0        0        0        0  #G31-55 
   -0.83    -0.33        0        0        0        0  #G46-31 
   -0.55    -0.23        0        0        0        0  #G49-19 
   -1.23    -0.42        0        0        0        0  #G5-36 
   -0.81    -0.31        0        0        0        0  #G5-40 
   -0.89    -0.36        0        0        0        0  #G56-30 
   -0.94    -0.31        0        0        0        0  #G56-36 
   -1.56    -0.36        0        0        0        0  #G63-26 
   -0.86    -0.32        0        0        0        0  #G66-22 
   -0.72    -0.28        0        0        0        0  #G74-32 
   -0.59    -0.24        0        0        0        0  #G85-13 
   -1.09    -0.38        0        0        0        0  #G87-13 
    -0.8    -0.23        0        0        0        0  #G94-49 
   -0.89    -0.32        0        0        0        0  #G96-20 
   -0.87    -0.34        0        0        0        0  #G98-53 
   -0.67    -0.27        0        0        0        0  #G99-21 
   -0.82    -0.25        0        0        0        0  #HD105004 
   -0.65    -0.27        0        0        0        0  #HD113679 
   -0.89    -0.21        0        0        0        0  #HD120559 
    -0.7    -0.26        0        0        0        0  #HD121004 
    -1.2    -0.34        0        0        0        0  #HD163810 
   -0.65    -0.27        0        0        0        0  #HD175179 
   -0.74    -0.28        0        0        0        0  #HD177095 
   -1.09    -0.29        0        0        0        0  #HD194598 
   -1.04     -0.3        0        0        0        0  #HD199289 
   -1.17    -0.32        0        0        0        0  #HD205650 
   -1.45    -0.38        0        0        0        0  #HD219617 
   -0.67    -0.28        0        0        0        0  #HD222766 
   -0.85     -0.2        0        0        0        0  #HD230409 
   -1.55    -0.48        0        0        0        0  #HD233511 
   -0.45     -0.2        0        0        0        0  #HD237822 
   -0.85    -0.26        0        0        0        0  #HD25704 
   -1.57    -0.37        0        0        0        0  #HD284248 
   -0.58    -0.21        0        0        0        0  #HD51754 
    -1.6     -0.4        0        0        0        0  #HD59392 
   -1.17    -0.28        0        0        0        0  #HD97320 
