# X Y X1 X2 Y1 Y2
    -2.9    -0.64     0.09     0.09     0.18     0.18  #BS17447-029 
   -2.92    -0.48     0.11     0.11        0        0  #HE0130-2303 
    -2.8    -0.46      0.1      0.1        0        0  #HE2133-1426 
    -3.6     -0.4     0.14     0.14        0        0  #BS16545-0089 
   -2.67    -0.65     0.08     0.08     0.08     0.08  #G122-69 
   -2.59     0.05        0        0        0        0  #CS22946-011 
    -2.5    -0.17        0        0        0        0  #CS22950-173 
   -2.91    -0.73     0.18     0.18     0.24     0.24  #HE0043-2845 
   -2.64    -0.72     0.17     0.17     0.24     0.24  #HE0333-4001 
   -2.77    -0.56     0.19     0.19     0.23     0.23  #HE0347-1819 
   -2.52    -0.68     0.18     0.18     0.24     0.24  #HE0441-4343 
   -2.78    -0.58     0.17     0.17     0.23     0.23  #HE0926-0508 
   -2.62    -0.23     0.18     0.18     0.23     0.23  #HE0951-1152 
    -2.8    -0.49     0.18     0.18     0.25     0.25  #HE1059-0118 
    -2.9    -0.34     0.18     0.18     0.24     0.24  #HE1100-0137 
   -2.76    -0.73     0.17     0.17     0.23     0.23  #HE1120-0153 
   -2.71    -0.76     0.18     0.18     0.23     0.23  #HE1128-0823 
   -2.84    -0.61     0.17     0.17     0.24     0.24  #HE1221-0522 
   -2.64    -0.63     0.18     0.18     0.23     0.23  #HE1259-0621 
   -2.64     -0.6     0.18     0.18     0.24     0.24  #HE1333-0340 
   -2.65    -0.75     0.18     0.18     0.24     0.24  #HE1421-2006 
   -2.78    -0.63     0.17     0.17     0.24     0.24  #HE1430-0026 
    -2.6    -0.53     0.18     0.18     0.23     0.23  #HE1431-2142 
   -3.66    -0.39     0.12     0.12     0.17     0.17  #CS22876-032A 
   -3.57    -0.33     0.21     0.21     0.37     0.37  #CS22876-032B 
   -2.71     -0.5     0.08     0.08     0.09     0.09  #BD+03_740 
   -2.63    -0.47     0.08     0.08     0.09     0.09  #BD+24_1676 
   -2.96     -0.6        0        0     0.03     0.03  #BS16023-046 
   -3.04    -0.69        0        0        0        0  #BS16968-061 
   -2.91    -0.81        0        0     0.01     0.01  #BS17570-063 
   -3.29    -0.79        0        0        0        0  #CS22888-031 
   -3.06    -0.75        0        0        0        0  #CS22966-011 
   -3.19    -0.69        0        0        0        0  #CS29518-043 
   -2.74    -0.64        0        0     0.01     0.01  #CS30301-024 
   -2.57    -0.56        0        0     0.02     0.02  #CS31061-032 
   -3.23    -0.33     0.16     0.16     0.12     0.12  #SDSSJ170339.60+283649.9 
   -3.36    -0.48     0.16     0.16     0.12     0.12  #SDSSJ235718.91-005247.8 
   -3.35     -0.3      0.1      0.1     0.22     0.22  #SDSSJ002749+140418 
   -3.23    -0.73     0.11     0.11        0        0  #SDSSJ004029+160416 
   -3.44    -0.58     0.17     0.17        0        0  #SDSSJ031745+002304 
   -3.44    -0.07     0.16     0.16        0        0  #SDSSJ082521+040334 
   -3.01     -0.2     0.12     0.12     0.08     0.08  #SDSSJ113528+010848 
   -3.14    -0.14     0.12     0.12     0.11     0.11  #SDSSJ144640+124917 
   -3.18    -0.53     0.11     0.11     0.05     0.05  #SDSSJ223143-094834 
   -2.99    -0.31     0.14     0.14     0.16     0.16  #SDSSJ230814-085526 
   -3.06    -0.38     0.11     0.11     0.05     0.05  #SDSSJ233113-010933 
   -2.85    -0.83     0.14     0.14     0.16     0.16  #HE0025-2334 
   -2.77    -0.63     0.15     0.15     0.15     0.15  #HE0028-2152 
   -2.56    -0.82     0.16     0.16     0.14     0.14  #HE0054-2123 
    -2.6     -0.7     0.15     0.15     0.08     0.08  #HE0105-2202 
   -2.67    -0.48     0.14     0.14     0.14     0.14  #HE0142+0147 
    -2.6    -0.49     0.16     0.16     0.06     0.06  #HE0255-0859 
   -3.03    -0.77     0.11     0.11     0.03     0.03  #HE0257-1837 
   -3.04    -0.59     0.18     0.18     0.01     0.01  #HE0406-2341 
   -2.71    -0.54     0.14     0.14     0.14     0.14  #HE1320+0038 
   -3.44    -0.57      0.1      0.1     0.11     0.11  #HE1346-0427  # Y Upper Limit
   -2.63     -0.5     0.12     0.12     0.03     0.03  #HE2209-1240 
   -2.73        0     0.13     0.13     0.03     0.03  #HE2344-2800 
   -2.91    -0.72     0.13     0.13     0.02     0.02  #LP831-70 
   -3.19     -0.3     0.08     0.08     0.07     0.07  #CD-24_17504 
   -2.52    -0.68      0.1      0.1     0.07     0.07  #HD106373 
   -3.28    -0.66     0.11     0.11     0.15     0.15  #HE0102-1213 
   -2.87    -0.63     0.12     0.12     0.16     0.16  #HE1055+0104 
   -2.84    -0.42      0.1      0.1     0.13     0.13  #HE1142-1422 
   -3.14    -0.61     0.14     0.14     0.18     0.18  #HE2047-5612 
   -3.31    -0.41     0.13     0.13        0        0  #HE2135-1924 
   -2.72    -0.54     0.11     0.11        0        0  #HE2141-0726 
   -2.96    -0.35     0.14     0.14     0.17     0.17  #HE2246-2410 
   -2.46    -0.18      0.1      0.1     0.05     0.05  #SDSSJ001820.5-093939.2 
    -2.7    -0.35     0.02     0.02     0.04     0.04  #CS22186-005 
    -2.9    -0.51     0.01     0.01     0.03     0.03  #CS30344-033 
   -2.85    -0.41     0.21     0.21      0.2      0.2  #CS22169-008 
   -3.63    -0.49     0.21     0.21        0        0  #CS22171-037  # Y Upper Limit
   -3.29    -0.55     0.22     0.22      0.2      0.2  #CS22174-020 
   -3.42    -0.57     0.21     0.21     0.22     0.22  #CS22177-009 
      -3    -0.46     0.22     0.22     0.21     0.21  #CS22177-010 
   -2.86     -0.4     0.21     0.21      0.2      0.2  #CS22180-014 
   -2.82    -0.42     0.21     0.21      0.2      0.2  #CS22186-017 
   -2.85    -0.44     0.21     0.21      0.2      0.2  #CS22872-102 
   -3.08    -0.28     0.21     0.21     0.21     0.21  #CS22873-072 
   -2.79    -0.33     0.21     0.21      0.2      0.2  #CS22874-123 
   -3.03    -0.41     0.22     0.22     0.21     0.21  #CS22877-051 
   -2.97    -0.52     0.21     0.21      0.2      0.2  #CS22878-002 
   -3.01    -0.52     0.21     0.21     0.21     0.21  #CS22879-012 
   -3.02     -0.4     0.21     0.21     0.22     0.22  #CS22879-051 
   -3.15     -0.5     0.21     0.21     0.21     0.21  #CS22879-094 
   -2.79    -0.23     0.17     0.17     0.18     0.18  #CS22881-039 
   -2.96     -0.3     0.21     0.21     0.22     0.22  #CS22881-070 
   -2.94    -0.49     0.21     0.21      0.2      0.2  #CS22882-006 
    -3.1    -0.36     0.22     0.22     0.24     0.24  #CS22884-108 
   -2.78    -0.23     0.21     0.21     0.22     0.22  #CS22885-040 
   -2.73    -0.34     0.21     0.21      0.2      0.2  #CS22885-203 
   -2.92    -0.48     0.21     0.21      0.2      0.2  #CS22886-003 
   -2.58     -0.1     0.17     0.17     0.17     0.17  #CS22886-013 
   -2.73    -0.47     0.21     0.21     0.22     0.22  #CS22888-014 
   -3.09    -0.38     0.22     0.22      0.2      0.2  #CS22889-050 
   -2.68    -0.47     0.21     0.21      0.2      0.2  #CS22890-011 
   -3.12    -0.55     0.21     0.21     0.22     0.22  #CS22890-064 
   -2.96    -0.46     0.21     0.21      0.2      0.2  #CS22894-004 
   -2.98    -0.53     0.22     0.22     0.21     0.21  #CS22894-019 
   -3.14    -0.43     0.21     0.21     0.21     0.21  #CS22894-023 
   -2.84    -0.63      0.1      0.1      0.1      0.1  #CS22894-049 
   -2.82    -0.42     0.21     0.21     0.22     0.22  #CS22896-115 
   -2.83    -0.16     0.17     0.17     0.17     0.17  #CS22898-043 
   -2.71    -0.09     0.17     0.17     0.17     0.17  #CS22941-027 
   -2.95    -0.46     0.21     0.21      0.2      0.2  #CS22943-059 
   -2.63    -0.36     0.21     0.21     0.21     0.21  #CS22943-132 
   -2.64     -0.4     0.21     0.21     0.21     0.21  #CS22944-014 
   -2.96    -0.39     0.22     0.22      0.2      0.2  #CS22944-061 
   -3.29     -0.6     0.21     0.21     0.22     0.22  #CS22945-031 
   -2.98    -0.38     0.21     0.21     0.21     0.21  #CS22945-058 
   -3.32    -0.36     0.21     0.21     0.26     0.26  #CS22948-093 
   -3.01    -0.44     0.21     0.21      0.2      0.2  #CS22949-030 
   -2.74    -0.35     0.21     0.21      0.2      0.2  #CS22951-005 
   -3.21    -0.54     0.22     0.22     0.24     0.24  #CS22953-037 
      -3    -0.49     0.21     0.21      0.2      0.2  #CS22954-004 
   -2.81    -0.54     0.21     0.21      0.2      0.2  #CS22956-015 
   -2.73    -0.42     0.21     0.21      0.2      0.2  #CS22956-021 
   -2.71    -0.29     0.22     0.22      0.2      0.2  #CS22956-081 
   -2.69    -0.17     0.22     0.22     0.21     0.21  #CS22956-106 
   -3.15     -0.4     0.17     0.17     0.18     0.18  #CS22956-110 
    -3.1    -0.49     0.21     0.21      0.2      0.2  #CS22958-041 
   -2.67    -0.37     0.21     0.21     0.22     0.22  #CS22958-074 
   -2.67    -0.48     0.21     0.21      0.2      0.2  #CS22959-139 
   -3.05    -0.49     0.22     0.22      0.2      0.2  #CS22960-029 
   -2.82    -0.38     0.21     0.21      0.2      0.2  #CS22964-115 
   -2.56     -0.4     0.21     0.21     0.21     0.21  #CS22964-176 
   -2.95    -0.39     0.21     0.21     0.21     0.21  #CS22964-214 
   -3.17    -0.17     0.22     0.22      0.2      0.2  #CS22965-054 
   -3.12    -0.43     0.21     0.21     0.21     0.21  #CS22968-001 
   -2.89    -0.47     0.21     0.21      0.2      0.2  #CS29493-023 
   -2.66    -0.26     0.21     0.21      0.2      0.2  #CS29493-094 
   -2.81    -0.38     0.21     0.21      0.2      0.2  #CS29499-058 
   -2.79    -0.01     0.22     0.22      0.2      0.2  #CS29499-060 
   -2.92    -0.42     0.21     0.21      0.2      0.2  #CS29501-032 
   -3.24    -0.44     0.21     0.21     0.22     0.22  #CS29506-007 
   -3.21    -0.42     0.22     0.22     0.21     0.21  #CS29506-090 
   -2.63    -0.39     0.21     0.21      0.2      0.2  #CS29513-015 
   -2.67    -0.14     0.21     0.21      0.2      0.2  #CS29513-031 
   -2.84    -0.28     0.21     0.21     0.21     0.21  #CS29514-018 
   -2.62    -0.24     0.21     0.21     0.21     0.21  #CS29514-037 
   -2.53    -0.18     0.21     0.21     0.21     0.21  #CS29517-042 
   -2.55    -0.29     0.21     0.21     0.23     0.23  #CS29529-054 
   -2.64    -0.06     0.17     0.17     0.19     0.19  #CS30312-062 
      -3    -0.43     0.22     0.22      0.2      0.2  #CS30339-015 
   -2.71     0.14     0.17     0.17     0.19     0.19  #CS30339-046 
    -3.5    -0.45     0.22     0.22     0.23     0.23  #CS30339-069 
   -2.82    -0.54     0.21     0.21      0.2      0.2  #CS30493-071 
   -2.53    -0.44      0.1      0.1     0.09     0.09  #G15-10 
    -2.6    -0.41      0.1      0.1      0.1      0.1  #G180-58 
   -3.12    -0.44      0.1      0.1     0.14     0.14  #G190-15 
   -3.17    -0.32     0.21     0.21     0.22     0.22  #G206-34 
   -2.73    -0.38     0.21     0.21     0.22     0.22  #G4-37 
   -3.07    -0.63     0.21     0.21     0.22     0.22  #HD340279 
   -3.09    -0.45     0.21     0.21     0.21     0.21  #HE0938+0114 
   -2.81    -0.62      0.2      0.2      0.2      0.2  #HE0411-3558 
   -3.87     -0.2      0.2      0.2        0        0  #HE0945-1435  # Y Upper Limit
      -3        0      0.2      0.2        0        0  #HE1241-2907  # Y Upper Limit
   -4.15     -0.1      0.2      0.2        0        0  #HE2239-5019  # Y Upper Limit
   -3.29    -0.64     0.04     0.04     0.05     0.05  #HE1337+0012 
   -2.55    -0.46      0.2      0.2     0.19     0.19  #WISEJ0725-2351 
