# X Y X1 X2 Y1 Y2
    -2.9     0.29        0        0        0        0  #CS31082-001 
   -3.06    -0.27        0        0      0.1      0.1  #BD-18_5550 
   -3.36    -0.17        0        0        0        0  #BS16477-003  # Y Upper Limit
   -2.88     0.95        0        0     0.12     0.12  #BS17569-049 
   -4.19     1.16        0        0      0.2      0.2  #CD-38_245 
   -3.86     0.33        0        0      0.2      0.2  #CS22172-002 
      -3     1.07        0        0     0.08     0.08  #CS22186-025 
   -2.99     1.16        0        0      0.2      0.2  #CS22873-055 
   -2.97     1.14        0        0      0.2      0.2  #CS22873-166 
   -3.78     0.35        0        0     0.13     0.13  #CS22885-096 
   -2.69    -0.14        0        0     0.12     0.12  #CS22896-154 
   -3.33      0.4        0        0      0.1      0.1  #CS22956-050 
   -2.62     0.19        0        0     0.12     0.12  #CS22966-057 
   -3.56     0.33        0        0      0.1      0.1  #CS22968-014 
   -3.04     0.91        0        0     0.15     0.15  #CS29491-053 
   -2.82     0.49        0        0      0.1      0.1  #CS29495-041 
   -3.19    -0.34        0        0      0.2      0.2  #CS29502-042 
   -3.06    -0.67        0        0      0.2      0.2  #CS29516-024 
   -2.69     0.91        0        0     0.15     0.15  #CS29518-051 
    -3.3     0.27        0        0     0.18     0.18  #CS30325-094 
   -2.82     0.64      0.2      0.2     0.29     0.29  #BS16934-002 
   -2.64     0.61      0.2      0.2     0.29     0.29  #HD122563 
   -2.66     2.03     0.14     0.14     0.07     0.07  #CS22886-042  # Y Upper Limit
   -2.58    -0.45     0.03     0.03     0.23     0.23  #BD+23_3130 
   -3.07     0.84     0.09     0.09     0.37     0.37  #BS16080-054 
    -3.2     0.87     0.09     0.09      0.3      0.3  #BS16084-160 
   -3.53      1.2     0.09     0.09     0.37     0.37  #BS16550-087 
   -3.07     1.14     0.09     0.09     0.37     0.37  #BS16928-053 
   -2.93      0.3     0.03     0.03     0.23     0.23  #CS22957-022 
   -3.42     0.89     0.03     0.03     0.23     0.23  #CS22963-004 
    -2.9    -0.13     0.09     0.09     0.27     0.27  #CS30325-028 
   -4.04     1.01     0.09     0.09      0.3      0.3  #CS30336-049 
   -2.84    -0.29     0.03     0.03     0.23     0.23  #CS31078-018 
   -2.68    -0.15     0.08     0.08        0        0  #CS31085-024  # Y Upper Limit
   -3.52     0.69     0.19     0.19        0        0  #BS16467-062  # Y Upper Limit
    -3.8     0.42        0        0        0        0  #BS16076-006 
   -2.78    -0.27     0.09     0.09        0        0  #HE2327-5642 
   -2.81     0.08     0.11     0.11      0.1      0.1  #CS22948-104 
    -3.3     1.37     0.15     0.15     0.05     0.05  #CS29493-090 
   -3.38     2.75     0.19     0.19     0.05     0.05  #CS30322-023 
    -3.2     1.11     0.18     0.18        0        0  #HE0037-0348 
   -2.71     0.32     0.16     0.16        0        0  #HE0048-0611 
    -3.2     0.16     0.15     0.15        0        0  #HE0103-0357  # Y Upper Limit
   -2.86     1.07     0.14     0.14        0        0  #HE0226+0103 
    -3.4     0.91     0.15     0.15        0        0  #HE0344-0243 
   -2.61    -0.93     0.13     0.13        0        0  #HE0447-1858  # Y Upper Limit
   -3.78     1.39     0.16     0.16        0        0  #HE0926-0546 
   -2.96     1.62     0.11     0.11        0        0  #HE1226-1149 
   -3.25     0.56     0.16     0.16        0        0  #HE1416-1032 
   -4.14     1.35     0.17     0.17        0        0  #HE1424-0241  # Y Upper Limit
   -3.22     1.06     0.15     0.15        0        0  #HE2357-0701 
    -2.7     0.42     0.15     0.15        0        0  #HE1207-3108 
   -3.69     0.86     0.18     0.18        0        0  #HE1320-2952  # Y Upper Limit
   -3.46     0.03     0.01     0.01      0.5      0.5  #HE0139-2826 
    -3.3     1.37     0.01     0.01     0.25     0.25  #HE2141-3741 
   -2.89     0.66     0.01     0.01     0.25     0.25  #HE2157-3404 
   -3.67     1.24     0.01     0.01      0.3      0.3  #HE2318-1621 
   -2.94     0.02     0.08     0.08        0        0  #HE2252-4225 
   -3.53     1.18     0.15     0.15     0.36     0.36  #CS22878-101 
   -4.06     1.38     0.15     0.15     0.36     0.36  #CS22891-200 
   -3.12     1.73     0.15     0.15     0.36     0.36  #CS22893-010 
    -3.5     1.36     0.15     0.15     0.36     0.36  #CS22948-066 
   -3.31     1.48     0.15     0.15     0.36     0.36  #CS30314-067 
   -2.92     0.55     0.15     0.15     0.36     0.36  #BD-15_5781 
      -3      0.8     0.15     0.15     0.36     0.36  #BD-20_6008 
   -3.22     0.73     0.15     0.15     0.36     0.36  #CS22166-016 
   -3.31     0.79     0.15     0.15     0.36     0.36  #CS22169-035 
   -2.68    -0.12     0.14     0.14     0.36     0.36  #CS22172-029 
   -2.65     2.37     0.21     0.21        0        0  #CS22182-033  # Y Upper Limit
   -3.57     0.24     0.15     0.15     0.36     0.36  #CS22183-031 
   -3.06    -0.02     0.15     0.15        0        0  #CS22185-007  # Y Upper Limit
   -2.72     1.74     0.21     0.21        0        0  #CS22186-002  # Y Upper Limit
   -3.04      0.3     0.15     0.15     0.36     0.36  #CS22186-023 
   -3.92     0.32     0.15     0.15     0.36     0.36  #CS22189-009 
   -2.94     2.61     0.17     0.17        0        0  #CS22191-029  # Y Upper Limit
   -3.32    -0.06     0.14     0.14        0        0  #CS22873-128  # Y Upper Limit
   -2.71     2.63     0.17     0.17        0        0  #CS22875-029  # Y Upper Limit
   -3.23    -0.15     0.15     0.15     0.36     0.36  #CS22877-011 
   -2.66     2.33     0.17     0.17        0        0  #CS22879-097  # Y Upper Limit
   -3.23     1.45     0.21     0.21        0        0  #CS22880-067  # Y Upper Limit
   -3.28      1.6     0.15     0.15        0        0  #CS22880-086  # Y Upper Limit
   -3.55     1.43     0.23     0.23        0        0  #CS22881-032  # Y Upper Limit
   -2.62     2.29     0.17     0.17        0        0  #CS22882-001  # Y Upper Limit
   -3.47     1.59     0.22     0.22        0        0  #CS22882-030  # Y Upper Limit
   -2.88     1.25     0.21     0.21        0        0  #CS22886-012  # Y Upper Limit
   -2.93     0.85     0.21     0.21        0        0  #CS22888-002  # Y Upper Limit
   -2.77     0.38     0.14     0.14     0.36     0.36  #CS22890-024 
   -2.68     1.15     0.17     0.17        0        0  #CS22891-184  # Y Upper Limit
   -3.49     1.08     0.15     0.15     0.36     0.36  #CS22891-209 
   -3.23        2     0.15     0.15        0        0  #CS22891-221  # Y Upper Limit
   -2.99     0.41     0.15     0.15     0.36     0.36  #CS22893-005 
   -2.85    -0.25     0.15     0.15     0.36     0.36  #CS22896-015 
   -2.52     2.29     0.17     0.17        0        0  #CS22896-055  # Y Upper Limit
   -2.85     1.52     0.17     0.17        0        0  #CS22896-110  # Y Upper Limit
   -3.83     0.05     0.15     0.15     0.36     0.36  #CS22897-008 
   -3.51     1.28     0.15     0.15        0        0  #CS22898-047  # Y Upper Limit
   -2.72     1.29     0.17     0.17        0        0  #CS22937-072  # Y Upper Limit
    -3.1     2.37     0.17     0.17        0        0  #CS22940-077  # Y Upper Limit
   -3.14     1.31     0.17     0.17        0        0  #CS22940-121  # Y Upper Limit
   -3.11     0.53     0.15     0.15        0        0  #CS22941-017  # Y Upper Limit
   -3.61     0.73     0.15     0.15     0.36     0.36  #CS22942-002 
   -2.88    -0.46     0.15     0.15     0.36     0.36  #CS22942-011 
   -3.08     0.09     0.15     0.15     0.36     0.36  #CS22942-035 
   -3.64     2.71     0.15     0.15        0        0  #CS22943-137  # Y Upper Limit
   -3.22     0.09     0.15     0.15        0        0  #CS22944-032  # Y Upper Limit
   -2.92     0.08     0.15     0.15     0.36     0.36  #CS22945-028 
   -2.82     2.59     0.17     0.17        0        0  #CS22945-056  # Y Upper Limit
   -2.84     0.71     0.17     0.17        0        0  #CS22945-063  # Y Upper Limit
   -3.55     1.02     0.15     0.15     0.36     0.36  #CS22949-048 
   -4.12     1.13     0.14     0.14     0.36     0.36  #CS22950-046 
   -2.84     0.81     0.14     0.14        0        0  #CS22951-059  # Y Upper Limit
   -3.87     1.14     0.15     0.15     0.36     0.36  #CS22952-015 
   -3.13    -0.17     0.14     0.14     0.36     0.36  #CS22953-003 
    -3.1     1.92     0.17     0.17        0        0  #CS22955-174  # Y Upper Limit
   -2.75     2.07     0.21     0.21        0        0  #CS22956-062  # Y Upper Limit
   -3.19     0.73     0.15     0.15     0.36     0.36  #CS22956-114 
   -2.98    -0.17     0.15     0.15     0.36     0.36  #CS22957-013 
   -2.51     2.43     0.17     0.17        0        0  #CS22958-037  # Y Upper Limit
   -3.05     1.02     0.14     0.14        0        0  #CS22958-083  # Y Upper Limit
    -2.6     0.97     0.15     0.15     0.28     0.28  #CS22959-074 
   -3.91     2.23     0.15     0.15        0        0  #CS22960-048  # Y Upper Limit
   -2.77     1.35     0.14     0.14     0.36     0.36  #CS22960-064 
   -3.13     1.95     0.14     0.14        0        0  #CS22965-016  # Y Upper Limit
    -3.1     2.77     0.21     0.21        0        0  #CS22968-029  # Y Upper Limit
   -2.76     0.63     0.21     0.21        0        0  #CS29493-062  # Y Upper Limit
   -2.78     0.85     0.21     0.21        0        0  #CS29517-018  # Y Upper Limit
   -3.22    -0.13     0.14     0.14     0.36     0.36  #CS30312-044 
   -3.41     0.45     0.15     0.15     0.36     0.36  #CS30312-059 
   -2.69     1.66     0.17     0.17        0        0  #CS30339-052  # Y Upper Limit
   -3.93      1.1     0.15     0.15        0        0  #CS30339-073  # Y Upper Limit
   -3.27     0.74     0.15     0.15        0        0  #CS30492-110  # Y Upper Limit
   -2.97     0.34     0.15     0.15        0        0  #CS30494-003  # Y Upper Limit
   -3.29    -0.54     0.15     0.15        0        0  #HD126587  # Y Upper Limit
   -2.97     0.35     0.15     0.15     0.36     0.36  #HD13979 
   -2.75     0.63     0.15     0.15     0.36     0.36  #HD186478 
   -3.13    -0.33     0.15     0.15     0.36     0.36  #HD200654 
   -3.21     1.03     0.14     0.14        0        0  #HD237846  # Y Upper Limit
    -2.8    -0.46     0.15     0.15     0.36     0.36  #HD26169 
   -3.29     1.16     0.15     0.15        0        0  #HD88609  # Y Upper Limit
   -3.77     0.05     0.15     0.15     0.36     0.36  #HE0056-3022 
   -3.05    -0.38     0.15     0.15        0        0  #HE0336-2412  # Y Upper Limit
   -3.38     0.26     0.15     0.15     0.36     0.36  #HE0454-4758 
   -3.18      0.8     0.15     0.15     0.36     0.36  #HE1320-1339 
   -3.43      1.2     0.13     0.13        0        0  #CS30315-029 
   -2.56    -0.07        0        0        0        0  #HE0105-6141  # Y Upper Limit
   -2.86     0.73        0        0        0        0  #HE0240-0807 
   -2.74     0.86        0        0        0        0  #HE0524-2055 
   -2.61     0.13        0        0        0        0  #HE2229-4153 
   -2.96     1.72     0.05     0.05     0.15     0.15  #HE0305-4520 
   -3.26     1.48     0.14     0.14     0.15     0.15  #LAMOSTJ0006+1057 
   -2.75     1.37     0.15     0.15     0.15     0.15  #LAMOSTJ0102+0428 
   -3.57     1.44     0.19     0.19      0.2      0.2  #LAMOSTJ0126+0135 
   -3.36     1.23      0.1      0.1     0.15     0.15  #LAMOSTJ0326+0202 
   -2.96     0.57      0.2      0.2     0.25     0.25  #HE0109-4510 
   -3.02     0.62      0.2      0.2        0        0  #HE0440-1049  # Y Upper Limit
   -3.43      1.7      0.2      0.2        0        0  #HE1218-1828  # Y Upper Limit
   -2.71     1.89      0.2      0.2     0.25     0.25  #HE1429-0347 
   -2.81     0.88      0.2      0.2     0.29     0.29  #HE2159-0551 
   -4.07     0.74     0.07     0.07        0        0  #2MASSJ18082002-5104378  # Y Upper Limit
   -2.55      0.7      0.1      0.1        0        0  #C1012254-203007 
    -3.1     1.27        0        0     0.03     0.03  #SDSSJ082625.70+612515.10 
