# X Y X1 X2 Y1 Y2
    -3.2      0.1     0.11     0.11     0.06     0.06  #CD-24_17504 
   -2.67     0.09     0.08     0.08     0.07     0.07  #G122-69 
   -2.91     0.04     0.18     0.18     0.23     0.23  #HE0043-2845 
   -2.64     0.06     0.17     0.17     0.24     0.24  #HE0333-4001 
   -2.77    -0.18     0.19     0.19     0.23     0.23  #HE0347-1819 
   -2.52     0.09     0.18     0.18     0.25     0.25  #HE0441-4343 
   -2.78    -0.02     0.17     0.17     0.22     0.22  #HE0926-0508 
   -2.62    -0.07     0.18     0.18     0.23     0.23  #HE0951-1152 
    -2.8     0.13     0.18     0.18     0.24     0.24  #HE1059-0118 
    -2.9    -0.05     0.18     0.18     0.23     0.23  #HE1100-0137 
   -2.76    -0.16     0.17     0.17     0.22     0.22  #HE1120-0153 
   -2.71     0.04     0.18     0.18     0.25     0.25  #HE1128-0823 
   -2.84     0.07     0.17     0.17     0.24     0.24  #HE1221-0522 
   -2.64    -0.06     0.18     0.18     0.23     0.23  #HE1259-0621 
   -2.64     0.04     0.18     0.18     0.23     0.23  #HE1333-0340 
   -2.65     -0.2     0.18     0.18     0.23     0.23  #HE1421-2006 
   -2.78    -0.06     0.17     0.17     0.23     0.23  #HE1430-0026 
    -2.6     0.07     0.18     0.18     0.22     0.22  #HE1431-2142 
   -3.66      0.2     0.12     0.12     0.18     0.18  #CS22876-032A 
   -3.57     0.15     0.21     0.21     0.16     0.16  #CS22876-032B 
   -2.71     0.09     0.08     0.08     0.05     0.05  #BD+03_740 
   -2.63     0.06     0.08     0.08     0.04     0.04  #BD+24_1676 
   -2.51     0.12     0.07     0.07     0.23     0.23  #G158-100 
   -2.74     0.08     0.08     0.08     0.11     0.11  #G171-50 
   -2.49     0.11     0.06     0.06     0.08     0.08  #G201-5 
   -3.59    -0.09     0.06     0.06     0.16     0.16  #G238-30 
   -3.48     0.47     0.06     0.06     0.08     0.08  #G82-23 
   -2.96    -0.01        0        0     0.15     0.15  #BS16023-046 
   -3.04     0.06        0        0     0.07     0.07  #BS16968-061 
   -2.91    -0.05        0        0     0.18     0.18  #BS17570-063 
   -3.06      0.1        0        0     0.06     0.06  #CS22966-011 
   -2.76     0.06        0        0        0        0  #CS29518-020 
   -3.19     0.09        0        0     0.01     0.01  #CS29518-043 
   -2.74     0.04        0        0     0.04     0.04  #CS30301-024 
   -2.57     0.05        0        0     0.05     0.05  #CS31061-032 
   -3.23     0.11     0.16     0.16     0.06     0.06  #SDSSJ170339.60+283649.9 
   -3.36      0.1     0.16     0.16     0.04     0.04  #SDSSJ235718.91-005247.8 
   -4.71     0.17     0.13     0.13     0.14     0.14  #SDSSJ102915+172927 
   -3.22      0.3     0.24     0.24     0.21     0.21  #SDSSJ082511+163459 
   -3.23     0.11      0.1      0.1     0.25     0.25  #SDSSJ002113-005005 
   -3.35     0.07      0.1      0.1     0.14     0.14  #SDSSJ002749+140418 
   -3.23    -0.03     0.11     0.11     0.13     0.13  #SDSSJ004029+160416 
   -3.44     0.02     0.17     0.17     0.23     0.23  #SDSSJ031745+002304 
   -3.44     0.49     0.16     0.16     0.21     0.21  #SDSSJ082521+040334 
   -3.42     0.08     0.09     0.09     0.14     0.14  #SDSSJ090733+024608 
   -3.01     0.33     0.12     0.12     0.17     0.17  #SDSSJ113528+010848 
   -3.38     0.01     0.19     0.19     0.24     0.24  #SDSSJ143632+091831 
   -3.14     0.08     0.12     0.12     0.25     0.25  #SDSSJ144640+124917 
   -3.46     0.32     0.11     0.11     0.16     0.16  #SDSSJ154246+054426 
   -3.18    -0.01     0.11     0.11     0.22     0.22  #SDSSJ223143-094834 
   -2.99      0.3     0.14     0.14     0.16     0.16  #SDSSJ230814-085526 
   -3.06     0.22     0.11     0.11     0.22     0.22  #SDSSJ233113-010933 
   -3.58     0.27     0.12     0.12        0        0  #BS16545-0089 
   -2.85        0     0.14     0.14        0        0  #HE0025-2334 
   -2.77     0.07     0.15     0.15        0        0  #HE0028-2152 
   -2.56     0.13     0.16     0.16        0        0  #HE0054-2123 
    -2.6    -0.14     0.15     0.15        0        0  #HE0105-2202 
   -2.67     0.17     0.14     0.14        0        0  #HE0142+0147 
    -2.6    -0.35     0.16     0.16     0.04     0.04  #HE0255-0859 
   -3.03    -0.24     0.11     0.11     0.03     0.03  #HE0257-1837 
   -3.04    -0.04     0.18     0.18        0        0  #HE0406-2341 
   -2.71     0.03     0.14     0.14        0        0  #HE1320+0038 
   -3.44     0.14      0.1      0.1        0        0  #HE1346-0427 
   -2.63     0.11     0.12     0.12        0        0  #HE2209-1240 
   -2.73     0.39     0.13     0.13     0.06     0.06  #HE2344-2800 
   -2.91    -0.02     0.13     0.13        0        0  #LP831-70 
   -3.68      0.3     0.12     0.12        0        0  #HE0049-3948 
   -3.28     0.09     0.11     0.11     0.15     0.15  #HE0102-1213 
   -3.75     0.49     0.11     0.11        0        0  #HE0228-4047 
   -3.01     0.13     0.12     0.12        0        0  #HE0253-1331 
   -2.86    -0.07     0.12     0.12        0        0  #HE0314-1739 
   -2.87     0.13     0.12     0.12     0.15     0.15  #HE1055+0104 
   -2.84     0.12      0.1      0.1        0        0  #HE1142-1422 
   -3.17     0.03     0.14     0.14        0        0  #HE1402-0523 
   -2.93    -0.04     0.14     0.14        0        0  #HE2020-5228 
   -3.14     0.29     0.14     0.14     0.15     0.15  #HE2047-5612 
   -3.31     0.06     0.13     0.13     0.15     0.15  #HE2135-1924 
   -2.72     0.17     0.11     0.11     0.25     0.25  #HE2141-0726 
   -2.96      0.1     0.14     0.14     0.16     0.16  #HE2246-2410 
   -2.46     0.09      0.1      0.1     0.13     0.13  #SDSSJ001820.5-093939.2 
    -2.7    -0.21     0.02     0.02     0.02     0.02  #CS22186-005 
    -2.9     0.05     0.01     0.01     0.05     0.05  #CS30344-033 
   -2.85     -0.1     0.21     0.21     0.26     0.26  #CS22169-008 
   -3.63        0     0.21     0.21     0.33     0.33  #CS22171-037 
   -3.29    -0.22     0.22     0.22     0.27     0.27  #CS22174-020 
   -3.42    -0.03     0.21     0.21     0.27     0.27  #CS22177-009 
      -3    -0.02     0.22     0.22     0.27     0.27  #CS22177-010 
   -2.86        0     0.21     0.21     0.28     0.28  #CS22180-014 
   -2.82    -0.16     0.21     0.21     0.26     0.26  #CS22186-017 
   -2.85     0.09     0.21     0.21     0.26     0.26  #CS22872-102 
   -3.08     0.14     0.21     0.21     0.24     0.24  #CS22873-072 
   -2.79     -0.1     0.21     0.21     0.24     0.24  #CS22874-123 
   -3.03     0.05     0.22     0.22     0.26     0.26  #CS22877-051 
   -2.97    -0.07     0.21     0.21     0.23     0.23  #CS22878-002 
   -3.01     0.01     0.21     0.21     0.26     0.26  #CS22879-012 
   -3.02    -0.02     0.21     0.21     0.26     0.26  #CS22879-051 
   -3.15    -0.01     0.21     0.21     0.25     0.25  #CS22879-094 
   -2.79     0.08     0.17     0.17      0.2      0.2  #CS22881-039 
   -2.96     0.03     0.21     0.21     0.26     0.26  #CS22881-070 
   -2.94    -0.02     0.21     0.21     0.27     0.27  #CS22882-006 
    -3.1    -0.07     0.22     0.22     0.26     0.26  #CS22884-108 
   -2.78     0.01     0.21     0.21     0.25     0.25  #CS22885-040 
   -2.73    -0.01     0.21     0.21     0.27     0.27  #CS22885-203 
   -2.92     0.08     0.21     0.21     0.28     0.28  #CS22886-003 
   -2.58      0.3     0.17     0.17     0.21     0.21  #CS22886-013 
   -2.73    -0.07     0.21     0.21     0.25     0.25  #CS22888-014 
   -3.71     0.21     0.22     0.22     0.28     0.28  #CS22888-031 
   -3.09     0.04     0.22     0.22     0.23     0.23  #CS22889-050 
   -2.68    -0.11     0.21     0.21     0.24     0.24  #CS22890-011 
   -3.12     0.05     0.21     0.21     0.23     0.23  #CS22890-064 
   -2.96     0.01     0.21     0.21     0.25     0.25  #CS22894-004 
   -2.98    -0.05     0.22     0.22     0.26     0.26  #CS22894-019 
   -3.14     0.03     0.21     0.21     0.25     0.25  #CS22894-023 
   -2.84     0.15      0.1      0.1     0.19     0.19  #CS22894-049 
   -2.82    -0.01     0.21     0.21     0.27     0.27  #CS22896-115 
   -2.83      0.2     0.17     0.17      0.2      0.2  #CS22898-043 
   -2.71     0.09     0.17     0.17      0.2      0.2  #CS22941-027 
   -2.95    -0.08     0.21     0.21     0.27     0.27  #CS22943-059 
   -2.63     0.03     0.21     0.21     0.29     0.29  #CS22943-132 
   -2.64     0.02     0.21     0.21     0.27     0.27  #CS22944-014 
   -2.96     0.04     0.22     0.22     0.26     0.26  #CS22944-061 
   -3.29    -0.08     0.21     0.21     0.24     0.24  #CS22945-031 
   -2.98    -0.02     0.21     0.21     0.23     0.23  #CS22945-058 
   -3.32     0.29     0.21     0.21      0.3      0.3  #CS22948-093 
   -3.01     0.03     0.21     0.21     0.25     0.25  #CS22949-030 
   -2.74     0.01     0.21     0.21     0.29     0.29  #CS22951-005 
   -3.21      0.1     0.22     0.22     0.25     0.25  #CS22953-037 
      -3     -0.1     0.21     0.21     0.27     0.27  #CS22954-004 
   -2.81     0.03     0.21     0.21     0.24     0.24  #CS22956-015 
   -2.73     0.03     0.21     0.21     0.28     0.28  #CS22956-021 
   -2.71     0.08     0.22     0.22     0.23     0.23  #CS22956-081 
   -2.69     0.11     0.22     0.22     0.26     0.26  #CS22956-106 
   -3.15      0.1     0.17     0.17     0.21     0.21  #CS22956-110 
   -2.67     0.05     0.21     0.21     0.28     0.28  #CS22958-074 
   -2.67    -0.03     0.21     0.21     0.23     0.23  #CS22959-139 
   -3.05    -0.01     0.22     0.22     0.26     0.26  #CS22960-029 
   -2.82    -0.08     0.21     0.21     0.28     0.28  #CS22964-115 
   -2.56    -0.05     0.21     0.21     0.25     0.25  #CS22964-176 
   -2.95     0.01     0.21     0.21     0.26     0.26  #CS22964-214 
   -3.17     0.02     0.22     0.22     0.24     0.24  #CS22965-054 
   -3.12     0.02     0.21     0.21     0.24     0.24  #CS22968-001 
   -2.89    -0.04     0.21     0.21     0.27     0.27  #CS29493-023 
   -2.66     0.02     0.21     0.21     0.26     0.26  #CS29493-094 
   -2.81     0.11     0.21     0.21     0.28     0.28  #CS29499-058 
   -2.79     0.23     0.22     0.22     0.26     0.26  #CS29499-060 
   -2.92    -0.01     0.21     0.21     0.25     0.25  #CS29501-032 
   -3.24    -0.03     0.21     0.21     0.27     0.27  #CS29506-007 
   -3.21    -0.01     0.22     0.22     0.26     0.26  #CS29506-090 
   -2.63    -0.12     0.21     0.21     0.26     0.26  #CS29513-015 
   -2.67     0.22     0.21     0.21     0.26     0.26  #CS29513-031 
   -2.84    -0.03     0.21     0.21     0.26     0.26  #CS29514-018 
   -2.62    -0.03     0.21     0.21     0.27     0.27  #CS29514-037 
   -2.53     0.05     0.21     0.21     0.28     0.28  #CS29517-042 
   -2.55     0.09     0.21     0.21     0.22     0.22  #CS29529-054 
   -2.64     0.18     0.17     0.17     0.22     0.22  #CS30312-062 
      -3    -0.07     0.22     0.22     0.27     0.27  #CS30339-015 
   -2.71     0.05     0.17     0.17     0.24     0.24  #CS30339-046 
    -3.5     0.06     0.22     0.22     0.24     0.24  #CS30339-069 
   -2.82     0.04     0.21     0.21     0.29     0.29  #CS30493-071 
   -2.53        0      0.1      0.1     0.16     0.16  #G15-10 
    -2.6        0      0.1      0.1     0.16     0.16  #G180-58 
   -3.12    -0.07      0.1      0.1     0.16     0.16  #G190-15 
   -3.17    -0.05     0.21     0.21     0.24     0.24  #G206-34 
   -2.73     0.05     0.21     0.21     0.23     0.23  #G4-37 
   -2.61     0.18     0.17     0.17      0.2      0.2  #HD106373 
   -3.07    -0.18     0.21     0.21     0.24     0.24  #HD340279 
   -3.09    -0.05     0.21     0.21     0.24     0.24  #HE0938+0114 
   -2.81      0.1      0.2      0.2     0.17     0.17  #HE0411-3558 
   -3.87     0.17      0.2      0.2     0.14     0.14  #HE0945-1435 
      -3     0.16      0.2      0.2     0.21     0.21  #HE1241-2907 
   -4.15     0.24      0.2      0.2     0.17     0.17  #HE2239-5019 
   -3.29     0.02     0.04     0.04     0.03     0.03  #HE1337+0012 
   -2.55    -0.15      0.2      0.2     0.24     0.24  #WISEJ0725-2351 
   -2.53     0.19        0        0     0.19     0.19  #HIP8572 
   -2.71    -0.06        0        0        0        0  #BS16472-070 
   -3.01    -0.07        0        0        0        0  #BS16547-049 
   -3.36     0.22        0        0        0        0  #CS22166-030 
   -2.88    -0.19        0        0        0        0  #CS22783-055 
   -3.85     0.24        0        0        0        0  #CS22876-032 
   -2.74    -0.11        0        0        0        0  #CS29491-084 
   -2.92     0.14        0        0        0        0  #CS30308-062 
   -2.69     0.31        0        0        0        0  #G108-33 
   -2.82    -0.02        0        0        0        0  #HIP104191 
   -2.65      0.1        0        0        0        0  #HIP10497 
   -2.51    -0.08        0        0        0        0  #HIP2463 
   -4.01    -0.09        0        0        0        0  #HIP3635 
   -2.55     0.13        0        0        0        0  #HIP36513 
   -2.58     0.07        0        0        0        0  #HIP4933 
   -3.45    -0.25        0        0        0        0  #HIP66673 
   -3.28    -0.07        0        0        0        0  #HIP68592 
   -2.66    -0.36        0        0        0        0  #HIP96508 
   -2.58     0.37        0        0        0        0  #HIP97192 
