# X Y X1 X2 Y1 Y2
    -2.9     0.18     0.09     0.09        0        0  #BS17447-029 
   -2.92     0.28     0.11     0.11     0.18     0.18  #HE0130-2303 
   -2.95     0.41     0.15     0.15      0.2      0.2  #HE0148-2611 
   -3.51     0.55     0.14     0.14        0        0  #HE0218-2738 
   -3.19     0.27     0.19     0.19        0        0  #HE0242-0732 
    -2.8     0.31      0.1      0.1     0.19     0.19  #HE2133-1426 
   -2.67     0.12     0.08     0.08      0.1      0.1  #G122-69 
   -2.59     0.37        0        0        0        0  #CS22946-011 
    -2.5     0.01        0        0        0        0  #CS22950-173 
   -2.91     0.09     0.18     0.18     0.26     0.26  #HE0043-2845 
   -2.64     0.15     0.17     0.17     0.27     0.27  #HE0333-4001 
   -2.77     0.08     0.19     0.19     0.26     0.26  #HE0347-1819 
   -2.52     0.15     0.18     0.18     0.26     0.26  #HE0441-4343 
   -2.78      0.3     0.17     0.17     0.25     0.25  #HE0926-0508 
   -2.62     0.29     0.18     0.18     0.26     0.26  #HE0951-1152 
   -2.69     0.37     0.18     0.18     0.25     0.25  #HE1006-2218 
    -2.8     0.15     0.18     0.18     0.28     0.28  #HE1059-0118 
    -2.9     0.24     0.18     0.18     0.27     0.27  #HE1100-0137 
   -2.76     0.22     0.17     0.17     0.25     0.25  #HE1120-0153 
   -2.71     0.27     0.18     0.18     0.24     0.24  #HE1128-0823 
   -2.84     0.16     0.17     0.17     0.27     0.27  #HE1221-0522 
   -2.64      0.1     0.18     0.18     0.25     0.25  #HE1259-0621 
   -2.64     0.25     0.18     0.18     0.27     0.27  #HE1333-0340 
   -2.65     0.02     0.18     0.18     0.26     0.26  #HE1421-2006 
   -2.78     0.12     0.17     0.17     0.27     0.27  #HE1430-0026 
    -2.6     0.27     0.18     0.18     0.25     0.25  #HE1431-2142 
   -2.85     0.28     0.14     0.14     0.12     0.12  #HE1303-2708 
    -3.2    -0.18      0.1      0.1        0        0  #HE1353-2735A 
    -3.2    -0.18      0.1      0.1        0        0  #HE1353-2735B 
   -3.66    -0.05     0.12     0.12     0.18     0.18  #CS22876-032A 
   -3.57     0.02     0.21     0.21     0.11     0.11  #CS22876-032B 
   -2.71     0.31     0.08     0.08     0.05     0.05  #BD+03_740 
   -2.63     0.22     0.08     0.08     0.05     0.05  #BD+24_1676 
   -3.44     0.31     0.08     0.08     0.15     0.15  #BS16545-0089 
   -2.96     0.11        0        0        0        0  #BS16023-046 
   -3.04     0.45        0        0        0        0  #BS16968-061 
   -2.91      0.3        0        0        0        0  #BS17570-063 
   -3.06     0.22        0        0        0        0  #CS22966-011 
   -2.76     1.01        0        0        0        0  #CS29518-020 
   -3.19     0.42        0        0        0        0  #CS29518-043 
   -2.74     0.21        0        0        0        0  #CS30301-024 
   -2.57     0.32        0        0        0        0  #CS31061-032 
   -2.64    -0.03      0.1      0.1      0.3      0.3  #CS29513-031 
   -3.36     0.14     0.16     0.16     0.18     0.18  #SDSSJ235718.91-005247.8 
   -3.23     0.19     0.11     0.11        0        0  #SDSSJ004029+160416 
   -3.44     0.17     0.17     0.17        0        0  #SDSSJ031745+002304 
   -3.44      0.3     0.16     0.16        0        0  #SDSSJ082521+040334 
   -3.42     0.22     0.09     0.09        0        0  #SDSSJ090733+024608 
   -3.01     0.12     0.12     0.12        0        0  #SDSSJ113528+010848 
   -3.14     0.29     0.12     0.12        0        0  #SDSSJ144640+124917 
   -3.18     0.11     0.11     0.11        0        0  #SDSSJ223143-094834 
   -2.99     0.49     0.14     0.14        0        0  #SDSSJ230814-085526 
   -2.85     0.01     0.14     0.14     0.21     0.21  #HE0025-2334 
   -2.77     0.14     0.15     0.15     0.08     0.08  #HE0028-2152 
   -2.56     0.33     0.16     0.16      0.1      0.1  #HE0054-2123 
    -2.6      0.2     0.15     0.15     0.25     0.25  #HE0105-2202 
    -2.6     0.03     0.16     0.16        0        0  #HE0255-0859 
   -3.03        0     0.11     0.11        0        0  #HE0257-1837 
   -3.68    -0.12     0.11     0.11        0        0  #HE0313-3640 
   -3.04     0.01     0.18     0.18     0.19     0.19  #HE0406-2341 
   -2.71     0.05     0.14     0.14     0.02     0.02  #HE1320+0038 
   -3.44    -0.04      0.1      0.1        0        0  #HE1346-0427 
   -2.63     0.04     0.12     0.12     0.07     0.07  #HE2209-1240 
   -3.52    -0.14     0.19     0.19        0        0  #HE2209-3909 
   -2.73    -0.23     0.13     0.13     0.12     0.12  #HE2344-2800 
   -2.91     0.39     0.13     0.13     0.07     0.07  #LP831-70 
   -3.19     0.48     0.08     0.08     0.08     0.08  #CD-24_17504 
   -2.92     0.04     0.11     0.11     0.21     0.21  #G238-30 
   -2.63     0.45     0.09     0.09      0.1      0.1  #G41-41 
   -2.52     0.17      0.1      0.1      0.1      0.1  #HD106373 
   -2.45     0.58      0.1      0.1     0.11     0.11  #HE0938+0114 
   -3.28      0.1     0.11     0.11     0.19     0.19  #HE0102-1213 
    -3.1     0.27     0.14     0.14        0        0  #HE0231-6025 
   -3.01     0.58     0.12     0.12        0        0  #HE0253-1331 
   -2.86     0.15     0.12     0.12        0        0  #HE0314-1739 
   -2.87     0.24     0.12     0.12     0.19     0.19  #HE1055+0104 
   -3.49     0.28     0.13     0.13        0        0  #HE1116-0054 
   -2.84     0.22      0.1      0.1     0.19     0.19  #HE1142-1422 
   -3.17     0.44     0.14     0.14     0.21     0.21  #HE1402-0523 
   -2.93     0.25     0.14     0.14        0        0  #HE2020-5228 
   -3.14     0.18     0.14     0.14        0        0  #HE2047-5612 
   -3.31     0.06     0.13     0.13        0        0  #HE2135-1924 
   -2.72     0.07     0.11     0.11        0        0  #HE2141-0726 
   -2.96     0.27     0.14     0.14        0        0  #HE2246-2410 
   -2.46    -0.89      0.1      0.1     0.14     0.14  #SDSSJ001820.5-093939.2  # Y Upper Limit
    -2.7     0.06     0.02     0.02     0.05     0.05  #CS22186-005 
    -2.9     0.16     0.01     0.01     0.07     0.07  #CS30344-033 
   -2.85     0.21     0.21     0.21     0.15     0.15  #CS22169-008 
   -3.63     0.28     0.21     0.21     0.15     0.15  #CS22171-037 
   -3.29     0.25     0.22     0.22     0.15     0.15  #CS22174-020 
   -3.42    -0.04     0.21     0.21     0.17     0.17  #CS22177-009 
      -3     0.06     0.22     0.22     0.15     0.15  #CS22177-010 
   -2.86    -0.06     0.21     0.21     0.15     0.15  #CS22180-014 
   -2.82     0.04     0.21     0.21     0.15     0.15  #CS22186-017 
   -2.85     0.05     0.21     0.21     0.16     0.16  #CS22872-102 
   -3.08     0.32     0.21     0.21     0.14     0.14  #CS22873-072 
   -2.79      0.2     0.21     0.21     0.14     0.14  #CS22874-123 
   -3.03     0.23     0.22     0.22     0.15     0.15  #CS22877-051 
   -2.97    -0.08     0.21     0.21     0.16     0.16  #CS22878-002 
   -3.01     0.25     0.21     0.21     0.15     0.15  #CS22879-012 
   -3.02     0.27     0.21     0.21     0.15     0.15  #CS22879-051 
   -3.15     0.26     0.21     0.21     0.16     0.16  #CS22879-094 
   -2.79     0.32     0.17     0.17     0.15     0.15  #CS22881-039 
   -2.96     0.19     0.21     0.21     0.15     0.15  #CS22881-070 
   -2.94      0.3     0.21     0.21     0.16     0.16  #CS22882-006 
    -3.1     0.11     0.22     0.22     0.14     0.14  #CS22884-108 
   -2.78     0.21     0.21     0.21     0.15     0.15  #CS22885-040 
   -2.73     0.21     0.21     0.21     0.14     0.14  #CS22885-203 
   -2.92    -0.08     0.21     0.21     0.16     0.16  #CS22886-003 
   -2.58     0.23     0.17     0.17     0.16     0.16  #CS22886-013 
   -2.73     0.05     0.21     0.21     0.15     0.15  #CS22888-014 
   -3.71    -0.07     0.22     0.22     0.17     0.17  #CS22888-031 
   -3.09     0.31     0.22     0.22     0.14     0.14  #CS22889-050 
   -2.68     0.17     0.21     0.21     0.14     0.14  #CS22890-011 
   -3.12    -0.01     0.21     0.21     0.15     0.15  #CS22890-064 
   -2.96     0.39     0.21     0.21     0.16     0.16  #CS22894-004 
   -2.98     0.02     0.22     0.22     0.16     0.16  #CS22894-019 
   -3.14     0.33     0.21     0.21     0.16     0.16  #CS22894-023 
   -2.84     0.02      0.1      0.1     0.13     0.13  #CS22894-049 
   -2.82     0.06     0.21     0.21     0.15     0.15  #CS22896-115 
   -2.83     0.24     0.17     0.17     0.15     0.15  #CS22898-043 
   -2.71        0     0.17     0.17     0.16     0.16  #CS22941-027 
   -2.95     0.32     0.21     0.21     0.15     0.15  #CS22943-059 
   -2.63    -0.04     0.21     0.21     0.15     0.15  #CS22943-132 
   -2.64     0.08     0.21     0.21     0.15     0.15  #CS22944-014 
   -2.96    -0.05     0.22     0.22     0.16     0.16  #CS22944-061 
   -3.29     0.01     0.21     0.21     0.15     0.15  #CS22945-031 
   -2.98     0.35     0.21     0.21     0.14     0.14  #CS22945-058 
   -3.32     0.19     0.21     0.21     0.17     0.17  #CS22948-093 
   -3.01     0.07     0.21     0.21     0.14     0.14  #CS22949-030 
   -2.74    -0.03     0.21     0.21     0.15     0.15  #CS22951-005 
   -3.21     0.39     0.22     0.22     0.16     0.16  #CS22953-037 
      -3     0.23     0.21     0.21     0.16     0.16  #CS22954-004 
   -2.81     0.23     0.21     0.21     0.15     0.15  #CS22956-015 
   -2.73     0.37     0.21     0.21     0.15     0.15  #CS22956-021 
   -2.71     0.14     0.22     0.22     0.15     0.15  #CS22956-081 
   -2.69      0.3     0.22     0.22     0.15     0.15  #CS22956-106 
   -3.15     0.05     0.17     0.17     0.15     0.15  #CS22956-110 
    -3.1     0.11     0.21     0.21     0.14     0.14  #CS22958-041 
   -2.67    -0.18     0.21     0.21     0.15     0.15  #CS22958-074 
   -2.67      0.2     0.21     0.21     0.14     0.14  #CS22959-139 
   -3.05     0.12     0.22     0.22     0.16     0.16  #CS22960-029 
   -2.82     0.14     0.21     0.21     0.15     0.15  #CS22964-115 
   -2.56    -0.04     0.21     0.21     0.14     0.14  #CS22964-176 
   -2.95     0.35     0.21     0.21     0.15     0.15  #CS22964-214 
   -3.17     0.42     0.22     0.22     0.14     0.14  #CS22965-054 
   -3.12     0.02     0.21     0.21     0.13     0.13  #CS22968-001 
   -2.89     0.17     0.21     0.21     0.14     0.14  #CS29493-023 
   -2.66     0.17     0.21     0.21     0.15     0.15  #CS29493-094 
   -2.81     0.17     0.21     0.21     0.16     0.16  #CS29499-058 
   -2.79     0.05     0.22     0.22     0.17     0.17  #CS29499-060 
   -2.92     0.19     0.21     0.21     0.15     0.15  #CS29501-032 
   -3.24     0.27     0.21     0.21     0.17     0.17  #CS29506-007 
   -3.21     0.11     0.22     0.22     0.16     0.16  #CS29506-090 
   -2.63    -0.11     0.21     0.21     0.17     0.17  #CS29513-015 
   -2.84     0.23     0.21     0.21     0.16     0.16  #CS29514-018 
   -2.62    -0.05     0.21     0.21     0.15     0.15  #CS29514-037 
   -2.53    -0.02     0.21     0.21     0.16     0.16  #CS29517-042 
   -2.55    -0.08     0.21     0.21     0.14     0.14  #CS29529-054 
   -2.64     0.09     0.17     0.17     0.16     0.16  #CS30312-062 
      -3    -0.03     0.22     0.22     0.16     0.16  #CS30339-015 
   -2.71     -0.1     0.17     0.17     0.17     0.17  #CS30339-046 
    -3.5     0.14     0.22     0.22     0.15     0.15  #CS30339-069 
   -2.82     0.18     0.21     0.21     0.15     0.15  #CS30493-071 
   -2.53    -0.07      0.1      0.1     0.14     0.14  #G15-10 
    -2.6     0.12      0.1      0.1     0.12     0.12  #G180-58 
   -3.12     -0.1      0.1      0.1     0.17     0.17  #G190-15 
   -3.17    -0.13     0.21     0.21     0.14     0.14  #G206-34 
   -2.73     0.11     0.21     0.21     0.14     0.14  #G4-37 
   -3.07    -0.19     0.21     0.21     0.14     0.14  #HD340279 
   -2.81     0.38      0.2      0.2     0.18     0.18  #HE0411-3558 
   -3.87     -0.1      0.2      0.2        0        0  #HE0945-1435  # Y Upper Limit
      -3     0.34      0.2      0.2     0.22     0.22  #HE1241-2907 
   -4.15     0.32      0.2      0.2     0.16     0.16  #HE2239-5019 
   -3.94     0.48     0.05     0.05     0.08     0.08  #SDSSJ152202.09+305526.3 
   -3.54     0.31     0.05     0.05     0.15     0.15  #SDSSJ164005.30+370907.8 
   -3.86     0.69     0.13     0.13        0        0  #SDSSJ200513.48-104503.2  # Y Upper Limit
   -3.96     1.15     0.09     0.09        0        0  #SDSSJ230959.55+230803.0  # Y Upper Limit
   -3.73     0.63     0.08     0.08        0        0  #SDSSJ234939.71+383217.8  # Y Upper Limit
   -2.93     0.34     0.04     0.04     0.07     0.07  #LAMOSTJ130534.80+281510.5 
   -3.29     0.17     0.04     0.04     0.06     0.06  #HE1337+0012 
   -2.55     0.12      0.2      0.2        0        0  #WISEJ0725-2351 
