# X Y X1 X2 Y1 Y2
    -3.2    -0.09     0.11     0.11     0.15     0.15  #CD-24_17504 
   -2.92    -0.21     0.11     0.11        0        0  #HE0130-2303 
   -3.51     -0.1     0.14     0.14        0        0  #HE0218-2738 
   -3.19     0.16     0.19     0.19        0        0  #HE0242-0732 
   -2.67     0.38     0.08     0.08      0.1      0.1  #G122-69 
   -3.66    -0.05     0.12     0.12     0.02     0.02  #CS22876-032A 
   -3.57     0.13     0.21     0.21     0.04     0.04  #CS22876-032B 
   -2.71     0.11     0.08     0.08     0.15     0.15  #BD+03_740 
   -2.63     0.21     0.08     0.08     0.15     0.15  #BD+24_1676 
   -3.44     0.04     0.08     0.08     0.15     0.15  #BS16545-0089 
   -2.96    -0.04        0        0        0        0  #BS16023-046 
   -3.04     0.34        0        0        0        0  #BS16968-061 
   -2.91     0.07        0        0        0        0  #BS17570-063 
   -3.06      0.3        0        0        0        0  #CS22966-011 
   -3.19     0.04        0        0        0        0  #CS29518-043 
   -2.74      0.2        0        0        0        0  #CS30301-024 
   -2.57     0.17        0        0        0        0  #CS31061-032 
   -3.36     0.75     0.16     0.16     0.19     0.19  #SDSSJ235718.91-005247.8 
   -4.71     0.45     0.13     0.13      0.1      0.1  #SDSSJ102915+172927 
   -3.22     0.22     0.24     0.24        0        0  #SDSSJ082511+163459 
   -3.24      0.2     0.24     0.24        0        0  #SDSSJ085211+033945 
   -3.35    -0.09      0.1      0.1        0        0  #SDSSJ002749+140418 
   -3.23     0.12     0.11     0.11        0        0  #SDSSJ004029+160416 
   -3.44     0.22     0.16     0.16        0        0  #SDSSJ082521+040334 
   -3.27      0.1     0.15     0.15        0        0  #SDSSJ122935+262445 
   -3.63     0.77     0.11     0.11        0        0  #SDSSJ130017+263238 
   -3.38     0.11     0.19     0.19        0        0  #SDSSJ143632+091831 
   -3.14    -0.01     0.12     0.12        0        0  #SDSSJ144640+124917 
   -3.46     0.33     0.11     0.11        0        0  #SDSSJ154246+054426 
   -3.18      0.4     0.11     0.11        0        0  #SDSSJ223143-094834 
   -3.06    -0.03     0.11     0.11        0        0  #SDSSJ233113-010933 
   -2.85    -0.14     0.14     0.14        0        0  #HE0025-2334 
   -2.77     0.14     0.15     0.15        0        0  #HE0028-2152 
   -2.56     0.11     0.16     0.16        0        0  #HE0054-2123 
    -2.6      0.2     0.15     0.15        0        0  #HE0105-2202 
   -2.67     0.27     0.14     0.14        0        0  #HE0142+0147 
    -2.6     0.03     0.16     0.16        0        0  #HE0255-0859 
   -3.03     0.13     0.11     0.11        0        0  #HE0257-1837 
   -3.68     0.04     0.11     0.11        0        0  #HE0313-3640 
   -3.04     0.19     0.18     0.18        0        0  #HE0406-2341 
   -2.71    -0.08     0.14     0.14        0        0  #HE1320+0038 
   -3.44     0.04      0.1      0.1        0        0  #HE1346-0427 
   -2.63      0.1     0.12     0.12        0        0  #HE2209-1240 
   -3.52    -0.06     0.19     0.19        0        0  #HE2209-3909 
   -2.73    -0.26     0.13     0.13        0        0  #HE2344-2800 
   -2.91      0.1     0.13     0.13        0        0  #LP831-70 
   -3.68    -0.01     0.12     0.12        0        0  #HE0049-3948 
   -3.28     0.16     0.11     0.11        0        0  #HE0102-1213 
   -3.75     0.35     0.11     0.11        0        0  #HE0228-4047 
    -3.1     0.02     0.14     0.14        0        0  #HE0231-6025 
   -3.01     0.07     0.12     0.12        0        0  #HE0253-1331 
   -2.86     -0.1     0.12     0.12        0        0  #HE0314-1739 
   -3.41     0.09     0.16     0.16        0        0  #HE0355-3728 
   -2.87     0.46     0.12     0.12        0        0  #HE1055+0104 
   -3.49      1.7     0.13     0.13        0        0  #HE1116-0054  # Y Upper Limit
   -2.84    -0.12      0.1      0.1        0        0  #HE1142-1422 
   -3.17      0.1     0.14     0.14        0        0  #HE1402-0523 
   -2.93      0.1     0.14     0.14        0        0  #HE2020-5228 
   -3.63     0.33     0.13     0.13        0        0  #HE2032-5633 
   -3.14     0.05     0.14     0.14        0        0  #HE2047-5612 
   -3.31    -0.04     0.13     0.13        0        0  #HE2135-1924 
   -2.88     1.21     0.15     0.15        0        0  #HE2136-6030 
   -2.72    -0.05     0.11     0.11        0        0  #HE2141-0726 
   -2.96     0.02     0.14     0.14        0        0  #HE2246-2410 
   -2.46    -0.45      0.1      0.1      0.3      0.3  #SDSSJ001820.5-093939.2 
    -2.7     -0.2     0.02     0.02      0.1      0.1  #CS22186-005 
    -2.9     -0.1     0.01     0.01      0.1      0.1  #CS30344-033 
   -2.85     0.44     0.21     0.21     0.36     0.36  #CS22169-008 
   -3.63     0.08     0.21     0.21     0.26     0.26  #CS22171-037 
   -3.29     0.39     0.22     0.22     0.36     0.36  #CS22174-020 
   -3.42      0.4     0.21     0.21     0.34     0.34  #CS22177-009 
      -3     0.55     0.22     0.22     0.36     0.36  #CS22177-010 
   -2.86     0.71     0.21     0.21     0.36     0.36  #CS22180-014 
   -2.82     0.43     0.21     0.21     0.36     0.36  #CS22186-017 
   -2.85     0.56     0.21     0.21     0.36     0.36  #CS22872-102 
   -3.08     0.46     0.21     0.21     0.36     0.36  #CS22873-072 
   -2.79     0.35     0.21     0.21     0.36     0.36  #CS22874-123 
   -3.03     0.53     0.22     0.22     0.36     0.36  #CS22877-051 
   -2.97     0.61     0.21     0.21     0.36     0.36  #CS22878-002 
   -3.01     0.41     0.21     0.21     0.36     0.36  #CS22879-012 
   -3.02     0.36     0.21     0.21     0.36     0.36  #CS22879-051 
   -3.15     0.54     0.21     0.21     0.36     0.36  #CS22879-094 
   -2.79        0     0.17     0.17     0.27     0.27  #CS22881-039 
   -2.96     0.32     0.21     0.21     0.36     0.36  #CS22881-070 
   -2.94     0.42     0.21     0.21     0.36     0.36  #CS22882-006 
    -3.1      0.3     0.22     0.22     0.34     0.34  #CS22884-108 
   -2.78     0.27     0.21     0.21     0.36     0.36  #CS22885-040 
   -2.73     0.59     0.21     0.21     0.36     0.36  #CS22885-203 
   -2.92      0.6     0.21     0.21     0.36     0.36  #CS22886-003 
   -2.58     0.32     0.17     0.17     0.31     0.31  #CS22886-013 
   -2.73     0.49     0.21     0.21     0.36     0.36  #CS22888-014 
   -3.71     0.45     0.22     0.22     0.33     0.33  #CS22888-031 
   -3.09     0.31     0.22     0.22     0.36     0.36  #CS22889-050 
   -2.68     0.32     0.21     0.21     0.36     0.36  #CS22890-011 
   -3.12      0.5     0.21     0.21     0.36     0.36  #CS22890-064 
   -2.96     0.53     0.21     0.21     0.36     0.36  #CS22894-004 
   -2.98     0.74     0.22     0.22     0.36     0.36  #CS22894-019 
   -3.14     0.41     0.21     0.21     0.36     0.36  #CS22894-023 
   -2.84     0.68      0.1      0.1     0.21     0.21  #CS22894-049 
   -2.82      0.6     0.21     0.21     0.36     0.36  #CS22896-115 
   -2.83     0.04     0.17     0.17     0.28     0.28  #CS22898-043 
   -2.71     0.03     0.17     0.17      0.3      0.3  #CS22941-027 
   -2.95     0.36     0.21     0.21     0.36     0.36  #CS22943-059 
   -2.63     0.76     0.21     0.21     0.37     0.37  #CS22943-132 
   -2.64     0.49     0.21     0.21     0.36     0.36  #CS22944-014 
   -2.96     0.54     0.22     0.22     0.36     0.36  #CS22944-061 
   -3.29     0.44     0.21     0.21     0.36     0.36  #CS22945-031 
   -2.98     0.17     0.21     0.21     0.36     0.36  #CS22945-058 
   -3.32     0.08     0.21     0.21     0.26     0.26  #CS22948-093 
   -3.01     0.64     0.21     0.21     0.36     0.36  #CS22949-030 
   -2.74      0.4     0.21     0.21     0.36     0.36  #CS22951-005 
   -3.21     0.21     0.22     0.22     0.34     0.34  #CS22953-037 
      -3     0.43     0.21     0.21     0.36     0.36  #CS22954-004 
   -2.81     0.42     0.21     0.21     0.36     0.36  #CS22956-015 
   -2.73     0.42     0.21     0.21     0.36     0.36  #CS22956-021 
   -2.71     0.17     0.22     0.22     0.36     0.36  #CS22956-081 
   -2.69     0.43     0.22     0.22     0.36     0.36  #CS22956-106 
   -3.15        0     0.17     0.17     0.24     0.24  #CS22956-110 
    -3.1     0.39     0.21     0.21     0.36     0.36  #CS22958-041 
   -2.67     0.53     0.21     0.21     0.36     0.36  #CS22958-074 
   -2.67     0.24     0.21     0.21     0.36     0.36  #CS22959-139 
   -3.05     0.31     0.22     0.22     0.36     0.36  #CS22960-029 
   -2.82     0.38     0.21     0.21     0.36     0.36  #CS22964-115 
   -2.56     0.45     0.21     0.21     0.36     0.36  #CS22964-176 
   -2.95     0.38     0.21     0.21     0.36     0.36  #CS22964-214 
   -3.17      0.5     0.22     0.22     0.36     0.36  #CS22965-054 
   -3.12     0.44     0.21     0.21     0.36     0.36  #CS22968-001 
   -2.89     0.47     0.21     0.21     0.36     0.36  #CS29493-023 
   -2.66     0.35     0.21     0.21     0.36     0.36  #CS29493-094 
   -2.81     0.43     0.21     0.21     0.36     0.36  #CS29499-058 
   -2.79     0.25     0.22     0.22     0.35     0.35  #CS29499-060 
   -2.92     0.35     0.21     0.21     0.36     0.36  #CS29501-032 
   -3.24     0.29     0.21     0.21     0.35     0.35  #CS29506-007 
   -3.21     0.49     0.22     0.22     0.36     0.36  #CS29506-090 
   -2.63     0.38     0.21     0.21     0.36     0.36  #CS29513-015 
   -2.67     0.13     0.21     0.21     0.33     0.33  #CS29513-031 
   -2.84     0.32     0.21     0.21     0.36     0.36  #CS29514-018 
   -2.62     0.35     0.21     0.21     0.36     0.36  #CS29514-037 
   -2.53     0.56     0.21     0.21     0.36     0.36  #CS29517-042 
   -2.64     0.13     0.17     0.17     0.27     0.27  #CS30312-062 
      -3      0.6     0.22     0.22     0.36     0.36  #CS30339-015 
   -2.71     -0.2     0.17     0.17     0.23     0.23  #CS30339-046 
    -3.5     0.21     0.22     0.22     0.32     0.32  #CS30339-069 
   -2.82     0.46     0.21     0.21     0.36     0.36  #CS30493-071 
   -3.17     0.45     0.21     0.21     0.36     0.36  #G206-34 
   -2.73     0.48     0.21     0.21     0.36     0.36  #G4-37 
   -2.61     0.21     0.17     0.17     0.31     0.31  #HD106373 
   -3.07     0.23     0.21     0.21     0.36     0.36  #HD340279 
   -3.09     0.38     0.21     0.21     0.35     0.35  #HE0938+0114 
   -3.87     0.31      0.2      0.2     0.16     0.16  #HE0945-1435 
      -3     0.03      0.2      0.2      0.2      0.2  #HE1241-2907 
   -4.15     0.06      0.2      0.2     0.15     0.15  #HE2239-5019 
   -3.29    -0.16     0.04     0.04     0.04     0.04  #HE1337+0012 
   -2.55     0.02      0.2      0.2        0        0  #WISEJ0725-2351 
   -3.41    -0.22      0.2      0.2        0        0  #SDSSJ150702.02+005152.6 
