# X Y X1 X2 Y1 Y2
    -2.6     0.06        0        0        0        0  #BS17570-090 
    -2.9     0.37     0.09     0.09     0.07     0.07  #BS17447-029 
   -2.92     0.49     0.11     0.11     0.13     0.13  #HE0130-2303 
   -2.95      0.4     0.15     0.15     0.14     0.14  #HE0148-2611 
   -3.51     0.65     0.14     0.14     0.12     0.12  #HE0218-2738 
   -3.19     0.28     0.19     0.19     0.05     0.05  #HE0242-0732 
    -2.8     0.57      0.1      0.1     0.07     0.07  #HE2133-1426 
   -2.67     0.56     0.08     0.08     0.09     0.09  #G122-69 
   -2.59     0.67        0        0        0        0  #CS22946-011 
    -2.5      0.6        0        0        0        0  #CS22950-173 
   -2.91     0.32     0.18     0.18     0.25     0.25  #HE0043-2845 
   -2.64     0.32     0.17     0.17     0.25     0.25  #HE0333-4001 
   -2.77     0.23     0.19     0.19     0.24     0.24  #HE0347-1819 
   -2.52     0.34     0.18     0.18     0.24     0.24  #HE0441-4343 
   -2.78     0.56     0.17     0.17     0.24     0.24  #HE0926-0508 
   -2.62     0.33     0.18     0.18     0.25     0.25  #HE0951-1152 
   -2.69     0.55     0.18     0.18     0.25     0.25  #HE1006-2218 
    -2.8     0.27     0.18     0.18     0.27     0.27  #HE1059-0118 
    -2.9     0.32     0.18     0.18     0.27     0.27  #HE1100-0137 
   -2.76     0.37     0.17     0.17     0.25     0.25  #HE1120-0153 
   -2.71     0.49     0.18     0.18     0.23     0.23  #HE1128-0823 
   -2.84     0.38     0.17     0.17     0.25     0.25  #HE1221-0522 
   -2.64     0.46     0.18     0.18     0.23     0.23  #HE1259-0621 
   -2.64     0.33     0.18     0.18     0.26     0.26  #HE1333-0340 
   -2.65     0.32     0.18     0.18     0.24     0.24  #HE1421-2006 
   -2.78     0.35     0.17     0.17     0.26     0.26  #HE1430-0026 
    -2.6     0.44     0.18     0.18     0.23     0.23  #HE1431-2142 
   -3.37     0.59        0        0        0        0  #CS22873-139A 
   -3.37     0.59        0        0        0        0  #CS22873-139B 
   -2.85     0.58     0.14     0.14     0.07     0.07  #HE1303-2708 
    -3.2     0.37      0.1      0.1     0.15     0.15  #HE1353-2735A 
    -3.2     0.37      0.1      0.1     0.15     0.15  #HE1353-2735B 
   -3.66     0.48     0.12     0.12     0.34     0.34  #CS22876-032A 
   -3.57     0.19     0.21     0.21     0.23     0.23  #CS22876-032B 
   -2.71     0.76     0.08     0.08     0.03     0.03  #BD+03_740 
   -2.63     0.62     0.08     0.08     0.03     0.03  #BD+24_1676 
   -3.44     0.78     0.08     0.08     0.06     0.06  #BS16545-0089 
   -2.51     0.16     0.07     0.07     0.09     0.09  #G158-100 
   -2.74     0.37     0.08     0.08     0.09     0.09  #G171-50 
   -3.48     0.35     0.06     0.06     0.11     0.11  #G82-23 
   -2.96     0.42        0        0     0.06     0.06  #BS16023-046 
   -3.04     0.44        0        0     0.05     0.05  #BS16968-061 
   -2.91     0.51        0        0     0.06     0.06  #BS17570-063 
   -3.06     0.44        0        0     0.07     0.07  #CS22966-011 
   -3.19     0.55        0        0     0.03     0.03  #CS29518-043 
   -2.74     0.51        0        0     0.12     0.12  #CS30301-024 
   -2.57     0.51        0        0     0.11     0.11  #CS31061-032 
   -3.23     0.18     0.16     0.16     0.08     0.08  #SDSSJ170339.60+283649.9 
   -3.36      0.2     0.16     0.16     0.06     0.06  #SDSSJ235718.91-005247.8 
   -4.71    -0.09     0.13     0.13     0.11     0.11  #SDSSJ102915+172927 
   -3.22     0.61     0.24     0.24     0.05     0.05  #SDSSJ082511+163459 
   -3.24     0.68     0.24     0.24     0.24     0.24  #SDSSJ085211+033945 
   -3.23     0.71      0.1      0.1     0.14     0.14  #SDSSJ002113-005005 
   -3.35     0.27      0.1      0.1        0        0  #SDSSJ002749+140418 
   -3.23     1.14     0.11     0.11        0        0  #SDSSJ004029+160416 
   -3.44     1.09     0.17     0.17        0        0  #SDSSJ031745+002304 
   -3.44    -0.01     0.16     0.16        0        0  #SDSSJ082521+040334 
   -3.42     0.87     0.09     0.09        0        0  #SDSSJ090733+024608 
   -3.01     0.54     0.12     0.12      0.2      0.2  #SDSSJ113528+010848 
   -3.27     0.83     0.15     0.15     0.36     0.36  #SDSSJ122935+262445 
   -3.63     0.36     0.11     0.11     0.11     0.11  #SDSSJ130017+263238 
   -3.38     0.82     0.19     0.19     0.25     0.25  #SDSSJ143632+091831 
   -3.14     0.19     0.12     0.12     0.18     0.18  #SDSSJ144640+124917 
   -3.46     0.05     0.11     0.11     0.14     0.14  #SDSSJ154246+054426 
   -3.18     0.82     0.11     0.11     0.18     0.18  #SDSSJ223143-094834 
   -2.99     0.47     0.14     0.14        0        0  #SDSSJ230814-085526 
   -3.06     0.98     0.11     0.11        0        0  #SDSSJ233113-010933 
    -3.2      0.6     0.08     0.08      0.1      0.1  #CD-24_17504 
   -2.92     0.57     0.11     0.11     0.16     0.16  #G238-30 
   -2.63     0.59     0.09     0.09      0.1      0.1  #G41-41 
   -2.52     0.63      0.1      0.1     0.08     0.08  #HD106373 
   -2.43     0.72     0.09     0.09     0.07     0.07  #HE0938+0114 
   -2.85     0.24     0.14     0.14     0.09     0.09  #HE0025-2334 
   -2.77     0.68     0.15     0.15     0.08     0.08  #HE0028-2152 
   -2.56     0.66     0.16     0.16     0.11     0.11  #HE0054-2123 
    -2.6     0.83     0.15     0.15     0.16     0.16  #HE0105-2202 
   -2.67     0.73     0.14     0.14     0.16     0.16  #HE0142+0147 
    -2.6     0.35     0.16     0.16     0.13     0.13  #HE0255-0859 
   -3.03     0.65     0.11     0.11     0.19     0.19  #HE0257-1837  # Y Upper Limit
   -3.68     0.25     0.11     0.11     0.22     0.22  #HE0313-3640 
   -3.04     0.23     0.18     0.18     0.12     0.12  #HE0406-2341 
   -2.71     0.74     0.14     0.14        0        0  #HE1320+0038  # Y Upper Limit
   -3.44     0.51      0.1      0.1     0.12     0.12  #HE1346-0427 
   -2.63     0.73     0.12     0.12     0.04     0.04  #HE2209-1240  # Y Upper Limit
   -3.52     0.13     0.19     0.19     0.08     0.08  #HE2209-3909 
   -2.73     0.78     0.13     0.13        0        0  #HE2344-2800 
   -3.28     0.76     0.11     0.11     0.13     0.13  #HE0102-1213 
   -2.65    -0.02     0.33     0.33     0.32     0.32  #SDSSJ0018-0939 
   -2.81     0.45     0.21     0.21     0.27     0.27  #SDSSJ0020-0040 
   -3.12     0.61     0.34     0.34     0.33     0.33  #SDSSJ0023-0003 
   -2.71     0.11     0.21     0.21     0.28     0.28  #SDSSJ0027-1909 
   -3.18     0.69     0.21     0.21     0.26     0.26  #SDSSJ0100+0049 
    -2.8     0.38     0.21     0.21     0.28     0.28  #SDSSJ0111+1442 
   -3.32     0.96     0.36     0.36     0.37     0.37  #SDSSJ0115+2637 
   -2.92    -0.09     0.22     0.22     0.34     0.34  #SDSSJ0320+4143 
   -2.92     0.58      0.2      0.2     0.26     0.26  #SDSSJ0727+1609 
   -2.75     0.13      0.2      0.2     0.26     0.26  #SDSSJ0746+2831 
   -3.01     0.61     0.21     0.21     0.26     0.26  #SDSSJ0804+5153 
   -2.88     0.43     0.21     0.21      0.3      0.3  #SDSSJ0819+3119 
   -3.25     0.42     0.21     0.21     0.29     0.29  #SDSSJ0840+5405 
   -2.89     0.36      0.2      0.2     0.26     0.26  #SDSSJ0851+1018 
    -3.3     0.47      0.2      0.2     0.26     0.26  #SDSSJ0907+0246 
   -3.14     0.74     0.21     0.21     0.27     0.27  #SDSSJ0932+0241 
   -3.09     0.53      0.2      0.2     0.25     0.25  #SDSSJ1004+3442 
   -3.06      0.2      0.2      0.2     0.29     0.29  #SDSSJ1033+4001 
   -3.14     0.25     0.21     0.21     0.28     0.28  #SDSSJ1120+3027 
   -2.82      0.3     0.22     0.22     0.34     0.34  #SDSSJ1128+3841 
   -2.96     0.24     0.22     0.22     0.39     0.39  #SDSSJ1147+1510 
   -3.26     0.27     0.21     0.21     0.29     0.29  #SDSSJ1159+5425 
   -3.34     0.51      0.2      0.2     0.29     0.29  #SDSSJ1230+0005 
   -2.87     0.46     0.21     0.21     0.39     0.39  #SDSSJ1233+3407 
   -2.85      0.2     0.21     0.21     0.27     0.27  #SDSSJ1303+2515 
    -2.9     0.24     0.23     0.23     0.33     0.33  #SDSSJ1304+3239 
   -2.72     0.12     0.21     0.21     0.28     0.28  #SDSSJ1312+2450 
   -3.03     0.46     0.21     0.21     0.28     0.28  #SDSSJ1334+0022 
   -2.86     0.12      0.2      0.2     0.26     0.26  #SDSSJ1338+1204 
   -2.98     0.62     0.24     0.24     0.32     0.32  #SDSSJ1400+0753 
   -2.97     0.56     0.24     0.24     0.37     0.37  #SDSSJ1408+6239 
   -3.42     0.67      0.2      0.2     0.29     0.29  #SDSSJ1410+5350 
   -2.97     0.23     0.21     0.21     0.29     0.29  #SDSSJ1424+5615 
   -3.08     0.33      0.2      0.2     0.26     0.26  #SDSSJ1425+1137 
   -3.49     0.64      0.2      0.2     0.28     0.28  #SDSSJ1436+0918 
    -2.9     0.14      0.2      0.2     0.28     0.28  #SDSSJ1437+5231 
   -3.02     0.25      0.2      0.2     0.27     0.27  #SDSSJ1437+5837 
   -2.99      0.2      0.2      0.2     0.28     0.28  #SDSSJ1446+1249 
   -2.86     0.26     0.21     0.21     0.27     0.27  #SDSSJ1502+3113 
   -3.31     0.59     0.21     0.21     0.29     0.29  #SDSSJ1504+4623 
   -3.34     0.79     0.22     0.22     0.36     0.36  #SDSSJ1515+4503 
   -3.06     0.67     0.24     0.24     0.31     0.31  #SDSSJ1523+4942 
   -3.07     0.03     0.21     0.21     0.29     0.29  #SDSSJ1551+2521 
   -3.21     0.86     0.34     0.34     0.35     0.35  #SDSSJ1703+2836 
   -2.85     0.15     0.23     0.23     0.41     0.41  #SDSSJ1728+0657 
   -2.75     0.38      0.2      0.2     0.26     0.26  #SDSSJ2111+0109 
   -2.88     0.52     0.24     0.24     0.37     0.37  #SDSSJ2123-0820 
   -2.76     0.62      0.2      0.2      0.3      0.3  #SDSSJ2128-0756 
   -2.84      0.7     0.21     0.21     0.29     0.29  #SDSSJ2208+0613 
   -2.94     0.61     0.22     0.22     0.34     0.34  #SDSSJ2300+0559 
   -2.46     0.09      0.1      0.1     0.08     0.08  #SDSSJ001820.5-093939.2 
    -2.7     0.73     0.02     0.02      0.1      0.1  #CS22186-005 
    -2.9     0.57     0.01     0.01      0.1      0.1  #CS30344-033 
   -2.85     0.44     0.21     0.21      0.2      0.2  #CS22169-008 
   -3.63     0.48     0.21     0.21     0.14     0.14  #CS22171-037 
   -3.29     0.58     0.22     0.22     0.21     0.21  #CS22174-020 
   -3.42     0.22     0.21     0.21     0.15     0.15  #CS22177-009 
      -3     0.45     0.22     0.22     0.22     0.22  #CS22177-010 
   -2.86     0.48     0.21     0.21     0.21     0.21  #CS22180-014 
   -2.82     0.41     0.21     0.21      0.2      0.2  #CS22186-017 
   -2.85      0.4     0.21     0.21     0.21     0.21  #CS22872-102 
   -3.08     0.52     0.21     0.21     0.21     0.21  #CS22873-072 
   -2.79     0.58     0.21     0.21     0.22     0.22  #CS22874-123 
   -3.03     0.51     0.22     0.22     0.22     0.22  #CS22877-051 
   -2.97     0.44     0.21     0.21     0.21     0.21  #CS22878-002 
   -3.01     0.58     0.21     0.21     0.21     0.21  #CS22879-012 
   -3.02     0.68     0.21     0.21     0.21     0.21  #CS22879-051 
   -3.15     0.66     0.21     0.21      0.2      0.2  #CS22879-094 
   -2.79     0.36     0.17     0.17     0.15     0.15  #CS22881-039 
   -2.96     0.42     0.21     0.21     0.21     0.21  #CS22881-070 
   -2.94     0.52     0.21     0.21      0.2      0.2  #CS22882-006 
    -3.1     0.62     0.22     0.22     0.23     0.23  #CS22884-108 
   -2.78     0.34     0.21     0.21     0.22     0.22  #CS22885-040 
   -2.73     0.38     0.21     0.21      0.2      0.2  #CS22885-203 
   -2.92     0.34     0.21     0.21     0.21     0.21  #CS22886-003 
   -2.58     0.51     0.17     0.17     0.17     0.17  #CS22886-013 
   -2.73     0.41     0.21     0.21      0.2      0.2  #CS22888-014 
   -3.71     0.07     0.22     0.22     0.16     0.16  #CS22888-031 
   -3.09     0.63     0.22     0.22     0.22     0.22  #CS22889-050 
   -2.68     0.35     0.21     0.21     0.21     0.21  #CS22890-011 
   -3.12      0.9     0.21     0.21     0.22     0.22  #CS22890-064 
   -2.96      0.6     0.21     0.21      0.2      0.2  #CS22894-004 
   -2.98     0.35     0.22     0.22     0.21     0.21  #CS22894-019 
   -3.14     0.67     0.21     0.21     0.21     0.21  #CS22894-023 
   -2.84     0.39      0.1      0.1     0.11     0.11  #CS22894-049 
   -2.82     0.37     0.21     0.21     0.21     0.21  #CS22896-115 
   -2.83     0.48     0.17     0.17     0.19     0.19  #CS22898-043 
   -2.71     0.41     0.17     0.17     0.18     0.18  #CS22941-027 
   -2.95     0.31     0.21     0.21     0.21     0.21  #CS22943-059 
   -2.63     0.36     0.21     0.21      0.2      0.2  #CS22943-132 
   -2.64      0.4     0.21     0.21      0.2      0.2  #CS22944-014 
   -2.96     0.39     0.22     0.22     0.21     0.21  #CS22944-061 
   -3.29     0.51     0.21     0.21     0.22     0.22  #CS22945-031 
   -2.98      0.7     0.21     0.21     0.21     0.21  #CS22945-058 
   -3.32     0.28     0.21     0.21     0.15     0.15  #CS22948-093 
   -3.01     0.35     0.21     0.21     0.21     0.21  #CS22949-030 
   -2.74     0.37     0.21     0.21      0.2      0.2  #CS22951-005 
   -3.21     0.59     0.22     0.22     0.22     0.22  #CS22953-037 
      -3      0.5     0.21     0.21      0.2      0.2  #CS22954-004 
   -2.81     0.47     0.21     0.21      0.2      0.2  #CS22956-015 
   -2.73     0.46     0.21     0.21     0.21     0.21  #CS22956-021 
   -2.71     0.46     0.22     0.22     0.14     0.14  #CS22956-081 
   -2.69      0.5     0.22     0.22     0.14     0.14  #CS22956-106 
   -3.15      0.2     0.17     0.17     0.15     0.15  #CS22956-110 
    -3.1     0.32     0.21     0.21     0.14     0.14  #CS22958-041 
   -2.67     0.27     0.21     0.21      0.2      0.2  #CS22958-074 
   -2.67     0.34     0.21     0.21     0.21     0.21  #CS22959-139 
   -3.05     0.43     0.22     0.22     0.21     0.21  #CS22960-029 
   -2.82     0.36     0.21     0.21     0.21     0.21  #CS22964-115 
   -2.56     0.34     0.21     0.21      0.2      0.2  #CS22964-176 
   -2.95     0.54     0.21     0.21     0.22     0.22  #CS22964-214 
   -3.17     0.38     0.22     0.22     0.14     0.14  #CS22965-054 
   -3.12     0.47     0.21     0.21     0.22     0.22  #CS22968-001 
   -2.89     0.51     0.21     0.21      0.2      0.2  #CS29493-023 
   -2.66     0.44     0.21     0.21     0.21     0.21  #CS29493-094 
   -2.81     0.52     0.21     0.21     0.21     0.21  #CS29499-058 
   -2.79     0.56     0.22     0.22     0.22     0.22  #CS29499-060 
   -2.92      0.5     0.21     0.21     0.21     0.21  #CS29501-032 
   -3.24     0.51     0.21     0.21     0.22     0.22  #CS29506-007 
   -3.21     0.54     0.22     0.22     0.22     0.22  #CS29506-090 
   -2.63     0.31     0.21     0.21     0.21     0.21  #CS29513-015 
   -2.67      0.2     0.21     0.21     0.13     0.13  #CS29513-031 
   -2.84     0.34     0.21     0.21     0.21     0.21  #CS29514-018 
   -2.62     0.33     0.21     0.21     0.21     0.21  #CS29514-037 
   -2.53     0.37     0.21     0.21     0.21     0.21  #CS29517-042 
   -2.55      0.2     0.21     0.21      0.2      0.2  #CS29529-054 
   -2.64     0.35     0.17     0.17     0.23     0.23  #CS30312-062 
      -3     0.27     0.22     0.22     0.21     0.21  #CS30339-015 
   -2.71     0.11     0.17     0.17     0.17     0.17  #CS30339-046 
    -3.5     0.62     0.22     0.22     0.24     0.24  #CS30339-069 
   -2.82      0.5     0.21     0.21      0.2      0.2  #CS30493-071 
   -2.53     0.16      0.1      0.1     0.09     0.09  #G15-10 
    -2.6     0.23      0.1      0.1     0.09     0.09  #G180-58 
   -3.12      0.2      0.1      0.1      0.1      0.1  #G190-15 
   -3.07     0.25     0.21     0.21     0.13     0.13  #HD340279 
   -2.81     0.59      0.2      0.2     0.14     0.14  #HE0411-3558 
   -3.87    -0.04      0.2      0.2     0.18     0.18  #HE0945-1435 
      -3     0.28      0.2      0.2     0.18     0.18  #HE1241-2907 
   -4.15     0.37      0.2      0.2     0.17     0.17  #HE2239-5019 
   -3.94     0.49     0.05     0.05     0.08     0.08  #SDSSJ152202.09+305526.3 
   -3.54     0.97     0.05     0.05     0.11     0.11  #SDSSJ164005.30+370907.8 
   -3.86     0.77     0.13     0.13     0.31     0.31  #SDSSJ200513.48-104503.2 
   -3.96     1.11     0.09     0.09     0.17     0.17  #SDSSJ230959.55+230803.0 
   -3.73     0.86     0.08     0.08     0.12     0.12  #SDSSJ234939.71+383217.8 
   -2.93     0.64     0.04     0.04     0.05     0.05  #LAMOSTJ130534.80+281510.5 
   -3.29     0.74     0.04     0.04     0.05     0.05  #HE1337+0012 
   -2.55     0.24      0.2      0.2     0.28     0.28  #WISEJ0725-2351 
      -3     0.66     0.09     0.09     0.09     0.09  #BD+09_2190 
   -2.67     0.65     0.09     0.09     0.09     0.09  #BD+1_2341p 
   -2.77      0.6     0.09     0.09     0.09     0.09  #BD+20_2030 
   -2.69     0.61     0.09     0.09     0.09     0.09  #BD+26_2621 
   -2.64     0.57     0.09     0.09     0.09     0.09  #BD+44_1910 
   -2.79     0.53     0.09     0.09     0.09     0.09  #BD-10_388 
   -2.54     0.52     0.09     0.09     0.09     0.09  #G201-5 
   -3.12     0.54     0.09     0.09     0.09     0.09  #G206-34 
    -2.5     0.54     0.09     0.09     0.09     0.09  #G4-37 
   -2.61     0.59     0.09     0.09     0.09     0.09  #G88-10 
    -2.7     0.78     0.09     0.09     0.09     0.09  #G92-6 
   -2.91     0.82     0.09     0.09     0.09     0.09  #HE1144-1349 
   -2.73     0.75     0.09     0.09     0.09     0.09  #LP553-62 
   -2.71     0.58     0.09     0.09     0.09     0.09  #LP635-14 
   -2.89     0.72     0.09     0.09     0.09     0.09  #LP651-4 
   -2.76     0.77     0.09     0.09     0.09     0.09  #LP815-43 
   -3.05     0.59     0.09     0.09     0.09     0.09  #LP831-70 
   -3.41     0.44      0.2      0.2     0.12     0.12  #SDSSJ150702.02+005152.6 
   -2.53     0.52        0        0     0.43     0.43  #HIP8572 
   -2.71     0.57        0        0        0        0  #BS16472-070 
   -3.01      0.4        0        0        0        0  #BS16547-049 
   -3.36     0.83        0        0        0        0  #CS22166-030 
   -2.88     0.32        0        0        0        0  #CS22783-055 
   -2.74     0.58        0        0        0        0  #CS29491-084 
   -2.92     0.33        0        0        0        0  #CS30308-062 
   -2.69     0.32        0        0        0        0  #G108-33 
    -2.8     0.83        0        0        0        0  #HIP101379 
   -2.82     0.39        0        0        0        0  #HIP104191 
   -2.65     0.26        0        0        0        0  #HIP10497 
   -2.51     0.39        0        0        0        0  #HIP2463 
   -4.01     0.55        0        0        0        0  #HIP3635 
   -2.55     0.53        0        0        0        0  #HIP36513 
   -2.58     0.36        0        0        0        0  #HIP4933 
   -3.45     0.57        0        0        0        0  #HIP66673 
   -3.28     0.58        0        0        0        0  #HIP68592 
   -2.66    -0.09        0        0        0        0  #HIP96508 
   -2.58     0.39        0        0        0        0  #HIP97192 
