# X Y X1 X2 Y1 Y2
   -2.06    -0.01     0.08     0.08     0.01     0.01  #BD+17_3248 
   -2.41      0.4      0.1      0.1     0.09     0.09  #BS17583-100 
   -2.41     0.27     0.13     0.13     0.14     0.14  #CS30306-132 
   -2.52     0.14     0.08     0.08     0.08     0.08  #HD140283 
   -2.62     0.11     0.11     0.11     0.22     0.22  #HD6268 
    -2.5    -0.04     0.17     0.17     0.15     0.15  #BD+04_2621 
    -2.1    -0.09     0.19     0.19     0.18     0.18  #BD+08_2856 
   -2.27     0.03     0.11     0.11     0.12     0.12  #BD+09_3223 
   -2.06    -0.05     0.17     0.17     0.16     0.16  #BD+10_2495 
   -1.71        0      0.2      0.2     0.16     0.16  #BD+18_2890 
   -2.48    -0.13     0.15     0.15     0.17     0.17  #BD-11_145 
   -1.86    -0.16     0.16     0.16     0.01     0.01  #HD029574 
    -1.7     0.04     0.16     0.16     0.02     0.02  #HD063791 
   -2.36    -0.02     0.12     0.12     0.04     0.04  #HD108577 
    -2.3    -0.04     0.19     0.19     0.26     0.26  #HD165195 
   -2.17    -0.12     0.16     0.16     0.15     0.15  #HD218857 
   -1.58     0.04      0.2      0.2     0.23     0.23  #HD20 
   -1.77        0     0.18     0.18     0.24     0.24  #HE0045-2430 
   -2.44     -0.1     0.19     0.19     0.24     0.24  #HE0051-2304 
   -2.49     0.14     0.19     0.19     0.23     0.23  #HE0243-0753 
   -2.27     0.24     0.19     0.19     0.25     0.25  #HE0300-0751 
   -2.24      0.1     0.18     0.18     0.25     0.25  #HE0328-1047 
   -1.81     0.15     0.18     0.18     0.24     0.24  #HE0339-4027 
   -2.41    -0.03      0.2      0.2     0.23     0.23  #HE0442-1234 
    -2.4     0.01     0.19     0.19     0.24     0.24  #HE0501-5644 
   -2.01     0.12     0.18     0.18     0.24     0.24  #HE0534-4615 
   -1.52     0.21     0.18     0.18     0.26     0.26  #HE0538-4515 
   -2.44      0.5     0.19     0.19     0.24     0.24  #HE1222-0200 
   -2.08    -0.08      0.2      0.2     0.24     0.24  #HE1256-0228 
   -2.31     -0.1     0.18     0.18     0.24     0.24  #HE1500-1628 
   -2.22     0.07     0.19     0.19     0.24     0.24  #HE2134+0001 
   -2.43    -0.12     0.19     0.19     0.23     0.23  #HE2143+0030 
   -2.49     0.08     0.18     0.18     0.23     0.23  #HE2153-2719 
   -1.85     0.05     0.19     0.19     0.25     0.25  #HE2154-2838 
    -1.7    -0.06      0.2      0.2     0.23     0.23  #HE2216-1548 
   -2.26     0.07     0.18     0.18     0.24     0.24  #HE2247-3705 
   -2.22     0.46     0.18     0.18     0.24     0.24  #HE2250-2132 
   -1.93     0.07     0.18     0.18     0.24     0.24  #HE2252-4157 
   -1.83     0.29     0.18     0.18     0.23     0.23  #HE2347-1254 
   -0.45     0.05        0        0        0        0  #HD101976 
   -0.85     0.28        0        0        0        0  #HD111777 
   -0.91     0.32        0        0        0        0  #HD120559 
   -0.65     0.16        0        0        0        0  #HD124785 
   -0.82     0.31        0        0        0        0  #HD126793 
   -1.48     0.26        0        0        0        0  #HD132475 
   -0.92     0.18        0        0        0        0  #HD142945 
   -1.14     0.16        0        0        0        0  #HD144450 
   -1.34     0.38        0        0        0        0  #HD145417 
   -0.93    -0.03        0        0        0        0  #HD17072 
   -1.05     0.23        0        0        0        0  #HD199289 
   -0.75      0.2        0        0        0        0  #HD203608 
   -1.44     0.26        0        0        0        0  #HD211998 
   -1.37      0.1        0        0        0        0  #HD213467 
   -0.98     0.13        0        0        0        0  #HD25704 
   -0.99     0.24        0        0        0        0  #HD49301 
   -0.88     0.18        0        0        0        0  #HD59374 
   -0.69     0.16        0        0        0        0  #HD61902 
   -0.87     0.22        0        0        0        0  #HD63598 
   -0.72     0.28        0        0        0        0  #HD78747 
   -0.74     0.28        0        0        0        0  #HD79601 
   -0.57     0.15        0        0        0        0  #HD80863 
   -0.41     0.07        0        0        0        0  #HD99682 
   -0.96     0.13        0        0        0        0  #BD+01_306 
   -0.14     -0.2        0        0        0        0  #BD+04_701 
   -0.03     0.06        0        0        0        0  #BD+09_2242 
   -2.39    -0.03        0        0        0        0  #BD+09_2870 
   -0.62     0.02        0        0        0        0  #BD+15_1305 
   -0.62     0.28        0        0        0        0  #BD+22_4454 
   -1.08    -0.06        0        0        0        0  #BD+26_2251 
   -1.12     0.01        0        0        0        0  #BD+29_366 
   -1.35        0        0        0        0        0  #BD+30_2611 
   -0.07     0.07        0        0        0        0  #BD+33_2300 
   -0.61     0.45        0        0        0        0  #BD+33_4707 
   -0.36     0.24        0        0        0        0  #BD+45_983 
   -0.89     0.31        0        0        0        0  #BD+50_1021 
   -1.24     0.15        0        0        0        0  #BD-01_1792 
   -0.86     0.24        0        0        0        0  #BD-08_6117 
    -0.6     0.22        0        0        0        0  #CD-25_3416 
   -1.94    -0.01        0        0        0        0  #HD002665 
   -1.56        0        0        0        0        0  #HD006755 
   -1.81     0.01        0        0        0        0  #HD008724 
   -1.83     0.14        0        0        0        0  #HD025329 
   -1.24     0.03        0        0        0        0  #HD025532 
   -1.69     0.02        0        0        0        0  #HD044007 
   -1.76     -0.1        0        0        0        0  #HD103036 
   -0.92    -0.09        0        0        0        0  #HD103723 
   -0.63     0.17        0        0        0        0  #HD103912 
   -0.84     0.13        0        0        0        0  #HD108076 
   -2.42    -0.02        0        0        0        0  #HD110184 
   -0.72     0.27        0        0        0        0  #HD114095 
   -0.65     0.19        0        0        0        0  #HD116316 
   -1.89    -0.02        0        0        0        0  #HD118055 
   -0.66     0.16        0        0        0        0  #HD118659 
    -0.5        0        0        0        0        0  #HD123710 
   -0.38     0.18        0        0        0        0  #HD129392 
   -0.35     0.09        0        0        0        0  #HD129518 
   -0.81     0.12        0        0        0        0  #HD134169 
   -1.55     0.02        0        0        0        0  #HD134439 
   -0.95      0.2        0        0        0        0  #HD142575 
   -0.63     0.13        0        0        0        0  #HD149996 
   -0.27     0.17        0        0        0        0  #HD15096 
   -0.48    -0.02        0        0        0        0  #HD157466 
   -1.47     0.04        0        0        0        0  #HD163810 
   -0.61     0.09        0        0        0        0  #HD16397 
   -0.52     0.13        0        0        0        0  #HD171620 
   -0.73     0.14        0        0        0        0  #HD175179 
   -0.46     0.07        0        0        0        0  #HD186379 
   -1.69     0.01        0        0        0        0  #HD187111 
   -0.63      0.1        0        0        0        0  #HD195633 
   -0.64     0.28        0        0        0        0  #HD195987 
   -0.94     0.18        0        0        0        0  #HD201889 
   -0.73     0.16        0        0        0        0  #HD204155 
    -0.8      0.1        0        0        0        0  #HD221377 
    -0.2     0.18        0        0        0        0  #HD22785 
   -1.68        0        0        0        0        0  #HD233511 
    -0.7     0.16        0        0        0        0  #HD24616 
    -0.6     0.24        0        0        0        0  #HD25673 
   -0.42     0.13        0        0        0        0  #HD280067 
   -1.74      0.1        0        0        0        0  #HD29907 
   -0.15        0        0        0        0        0  #HD3628 
   -0.58    -0.05        0        0        0        0  #HD37792 
    -0.6     0.03        0        0        0        0  #HD40057 
   -0.38     0.17        0        0        0        0  #HD53545 
   -0.44     0.07        0        0        0        0  #HD53871 
   -0.84     0.17        0        0        0        0  #HD64606 
   -0.56     0.24        0        0        0        0  #HD76910 
   -1.06     0.09        0        0        0        0  #HD78050 
   -1.44    -0.01        0        0        0        0  #HD83212 
   -0.06     0.18        0        0        0        0  #HD83888 
   -1.93     0.02        0        0        0        0  #HD87140 
   -0.66     0.03        0        0        0        0  #HD88725 
   -0.46     0.15        0        0        0        0  #HD9430 
   -1.15    -0.03        0        0        0        0  #HD97560 
    -1.3     0.14        0        0        0        0  #HE0035-0834 
   -1.63    -0.08        0        0        0        0  #HE1223-0133 
   -2.09     0.13     0.08     0.08     0.15     0.15  #CS29522-046 
   -2.57     0.25      0.1      0.1        0        0  #CS22190-007 
   -2.38     0.17      0.1      0.1     0.08     0.08  #CS22878-121 
   -2.14     0.18     0.12     0.12        0        0  #CS22886-043 
   -2.41     0.22      0.1      0.1        0        0  #CS22944-039 
   -2.07    -0.34     0.11     0.11        0        0  #BD+80_245 
      -2     1.16     0.13     0.13        0        0  #CS22941-012  # Y Upper Limit
   -1.89     1.28     0.15     0.15        0        0  #CS22966-043  # Y Upper Limit
   -1.91     0.37     0.11     0.11     0.03     0.03  #G4-36 
   -2.28    -0.31      0.2      0.2        0        0  #HE0349-0045 
   -2.43     0.35     0.12     0.12        0        0  #HE1446-0140 
    -2.4     0.17     0.22     0.22        0        0  #HE2244-2116 
   -0.62     0.33     0.12     0.12      0.2      0.2  #BD+13_2698 
   -1.38     0.18     0.12     0.12     0.15     0.15  #BD+41_3931 
   -1.48    -0.09     0.12     0.12      0.1      0.1  #BD-03_5215 
   -1.57     0.05     0.17     0.17     0.13     0.13  #BD-08_3901 
   -1.61    -0.12     0.17     0.17     0.13     0.13  #BD-10_548 
   -2.02     0.08     0.12     0.12     0.16     0.16  #BD-14_5850 
   -1.48     0.12      0.1      0.1     0.12     0.12  #BD-17_484 
   -2.58    -0.27     0.18     0.18     0.16     0.16  #BD-18_0271 
   -1.31     0.12     0.11     0.11     0.13     0.13  #G112-43 
   -1.35     0.09      0.1      0.1     0.14     0.14  #G125-13 
   -0.92      0.2     0.15     0.15     0.15     0.15  #G14-33 
   -1.88     0.26     0.22     0.22     0.19     0.19  #G14-39 
    -1.1     0.36     0.12     0.12     0.12     0.12  #G142-44 
   -0.67     0.11     0.14     0.14     0.15     0.15  #G153-21 
   -2.24     0.17     0.12     0.12     0.17     0.17  #G154-34 
   -1.18     0.14     0.21     0.21     0.21     0.21  #G166-37 
    -1.3     0.18     0.12     0.12     0.14     0.14  #G187-40 
   -1.26      0.1      0.1      0.1     0.13     0.13  #G188-22 
   -1.08     0.14     0.11     0.11     0.16     0.16  #G210-33 
   -1.48     0.11     0.15     0.15     0.19     0.19  #G23-14 
   -1.76     0.27     0.11     0.11     0.15     0.15  #G231-52 
    -1.4     0.01     0.11     0.11     0.15     0.15  #G24-3 
   -2.15     0.21     0.09     0.09     0.11     0.11  #G43-3 
   -1.14     0.02     0.12     0.12     0.14     0.14  #G53-41 
   -0.72     0.32     0.12     0.12     0.11     0.11  #G59-1 
   -1.04    -0.02     0.12     0.12     0.12     0.12  #G60-26 
   -0.79     0.27     0.16     0.16     0.15     0.15  #G66-51 
   -2.41    -0.19     0.19     0.19     0.14     0.14  #HD085773 
   -1.04     0.01     0.18     0.18     0.15     0.15  #HD103295 
   -0.57     0.11     0.11     0.11      0.2      0.2  #HD105004 
   -1.44     0.01     0.15     0.15     0.11     0.11  #HD105546 
   -2.28     0.02     0.12     0.12     0.12     0.12  #HD108317 
   -1.35    -0.06     0.19     0.19     0.15     0.15  #HD111721 
      -1    -0.17      0.2      0.2     0.21     0.21  #HD112126 
   -1.91     0.59      0.1      0.1      0.2      0.2  #HD116064 
   -1.89    -0.17     0.11     0.11     0.12     0.12  #HD119516 
   -1.76     0.04      0.1      0.1     0.12     0.12  #HD122196 
    -1.7    -0.05     0.19     0.19     0.13     0.13  #HD122956 
   -1.69    -0.07     0.17     0.17     0.12     0.12  #HD124358 
   -2.15     0.09     0.12     0.12     0.13     0.13  #HD128279 
   -1.17     0.09     0.17     0.17     0.15     0.15  #HD149414 
   -0.62    -0.34     0.23     0.23     0.22     0.22  #HD171496 
   -1.72    -0.04     0.11     0.11     0.11     0.11  #HD184266 
   -0.93     0.13     0.12     0.12     0.11     0.11  #HD193901 
   -0.99      0.2     0.11     0.11      0.1      0.1  #HD196892 
   -1.23    -0.11      0.2      0.2     0.16     0.16  #HD210295 
   -0.84    -0.02      0.2      0.2     0.15     0.15  #HD213487 
   -1.39    -0.17     0.19     0.19     0.13     0.13  #HD215601 
   -1.35    -0.04     0.18     0.18     0.13     0.13  #HD233891 
   -2.03    -0.06     0.17     0.17      0.1      0.1  #HD33771 
   -1.35      0.1      0.1      0.1     0.14     0.14  #LP443-65 
   -1.42     0.01     0.17     0.17     0.16     0.16  #LP751-19 
   -1.37     0.05     0.13     0.13     0.14     0.14  #LP859-35 
   -1.46     0.26     0.11     0.11     0.13     0.13  #LP877-23 
    -1.5    -0.19     0.11     0.11     0.13     0.13  #LP894-3 
   -0.66     0.24     0.11     0.11     0.15     0.15  #LTT15637 
   -2.09     0.58     0.08     0.08      0.1      0.1  #G39-36 
   -2.62     0.34     0.21     0.21        0        0  #CS30492-001  # Y Upper Limit
    -1.8     0.07     0.21     0.21     0.22     0.22  #BD+17_4708 
   -1.73    -0.43     0.16     0.16     0.28     0.28  #BD+29_2356 
   -1.87     0.13     0.17     0.17     0.19     0.19  #CD-36_1052 
   -2.54     0.61     0.21     0.21     0.29     0.29  #CS22171-031 
   -2.18     0.09     0.21     0.21     0.22     0.22  #CS22182-047 
    -2.2     0.64     0.21     0.21        0        0  #CS22871-104  # Y Upper Limit
   -2.47     0.57     0.21     0.21     0.25     0.25  #CS22876-040 
   -2.12     0.17     0.21     0.21     0.24     0.24  #CS22877-015 
   -2.16     0.12     0.16     0.16     0.19     0.19  #CS22879-103 
   -2.01     0.14     0.16     0.16     0.19     0.19  #CS22883-037 
   -2.48     0.76     0.21     0.21     0.24     0.24  #CS22884-020 
   -1.86        0     0.21     0.21     0.22     0.22  #CS22886-044 
   -2.54     0.17     0.17     0.17     0.24     0.24  #CS22888-047 
    -2.4     0.47      0.2      0.2     0.25     0.25  #CS22893-011 
   -1.43     0.07     0.16     0.16     0.19     0.19  #CS22940-070 
   -2.52     0.31     0.21     0.21     0.32     0.32  #CS22943-095 
   -2.54    -0.03     0.17     0.17     0.19     0.19  #CS22951-077 
   -2.11     0.09     0.21     0.21     0.23     0.23  #CS22954-015 
   -1.37    -0.01     0.06     0.06     0.12     0.12  #CS22955-110 
   -2.43     0.23     0.21     0.21     0.31     0.31  #CS22957-019 
   -1.93     0.08     0.21     0.21     0.23     0.23  #CS22957-026 
   -2.28      0.4     0.21     0.21     0.25     0.25  #CS22957-036 
   -2.62     0.91     0.22     0.22        0        0  #CS22958-052  # Y Upper Limit
   -2.29     0.17     0.21     0.21     0.28     0.28  #CS22958-065 
   -2.44     0.13      0.2      0.2     0.26     0.26  #CS29495-005 
   -2.51     0.65     0.21     0.21     0.24     0.24  #CS29499-003 
   -2.38     0.51     0.17     0.17        0        0  #CS29504-004  # Y Upper Limit
   -2.47    -0.03     0.17     0.17      0.2      0.2  #CS29513-003 
   -2.35    -0.19     0.14     0.14     0.17     0.17  #CS29514-017 
   -2.69     0.02     0.15     0.15     0.17     0.17  #CS30312-100 
   -2.29    -0.14     0.11     0.11     0.16     0.16  #G10-54 
   -2.61    -0.02      0.1      0.1      0.2      0.2  #G115-49 
    -1.9    -0.15     0.21     0.21     0.26     0.26  #G137-86 
   -1.58        0     0.11     0.11     0.18     0.18  #G146-56 
   -2.08    -0.16     0.15     0.15     0.17     0.17  #G146-76 
   -1.08    -0.07      0.1      0.1     0.17     0.17  #G153-64 
   -2.08    -0.26     0.11     0.11     0.16     0.16  #G16-25 
   -1.42    -0.21     0.22     0.22     0.22     0.22  #G161-73 
   -2.05     0.04      0.1      0.1     0.23     0.23  #G188-30 
   -1.95     0.17      0.1      0.1     0.24     0.24  #G190-10 
   -2.14     -0.1     0.21     0.21     0.24     0.24  #G199-66 
   -1.72    -0.04     0.21     0.21     0.22     0.22  #G201-44 
   -2.29     -0.2      0.1      0.1     0.18     0.18  #G214-1 
    -1.8     0.14      0.2      0.2     0.23     0.23  #G234-28 
   -1.59    -0.14     0.11     0.11     0.17     0.17  #G238-32 
   -2.33    -0.09      0.1      0.1     0.18     0.18  #G25-22 
   -2.11    -0.19     0.21     0.21     0.27     0.27  #G25-24 
   -2.08      0.4      0.2      0.2     0.24     0.24  #G26-1 
   -2.06    -0.02     0.21     0.21     0.22     0.22  #G71-55 
   -2.35     0.61     0.21     0.21        0        0  #G75-56  # Y Upper Limit
   -1.94    -0.15     0.11     0.11     0.17     0.17  #G88-23 
   -1.79    -0.27     0.11     0.11     0.15     0.15  #G9-27 
    -2.4     0.02     0.21     0.21     0.23     0.23  #G90-3 
    -1.7    -0.23     0.15     0.15     0.24     0.24  #HD021581 
   -1.98    -0.55     0.17     0.17      0.3      0.3  #HD026297 
   -1.84    -0.18     0.15     0.15     0.19     0.19  #HD11582 
   -2.05    -0.39     0.15     0.15     0.19     0.19  #HD126238 
   -2.01     0.03     0.21     0.21     0.22     0.22  #HD16031 
   -1.63    -0.34     0.15     0.15     0.23     0.23  #HD175305 
   -2.39     0.08     0.21     0.21     0.24     0.24  #HD175606 
   -1.99    -0.12     0.17     0.17     0.19     0.19  #HD178443 
   -2.06     0.09     0.17     0.17     0.19     0.19  #HD214362 
   -1.74    -0.07     0.21     0.21     0.22     0.22  #HD219617 
    -1.7    -0.21     0.15     0.15      0.2      0.2  #HD220127 
   -1.87    -0.07     0.21     0.21     0.22     0.22  #HD31128 
    -2.6     0.15     0.21     0.21     0.28     0.28  #HD338529 
   -1.73    -0.09     0.21     0.21     0.22     0.22  #HD345957 
   -1.59     -0.2     0.15     0.15     0.19     0.19  #HD45282 
   -2.03    -0.04      0.1      0.1     0.14     0.14  #HD64090 
   -2.34    -0.02        0        0        0        0  #HE0057-4541 
   -2.48    -0.05        0        0        0        0  #HE0516-3820 
   -2.42     0.01     0.13     0.13     0.05     0.05  #LAMOSTJ0343-0227 
    -0.3     0.52     0.22     0.22     0.07     0.07  #Pristine196.6013+15.6768 
   -1.57     1.24     0.42     0.42        0        0  #Pristine205.4970+15.0564 
    -0.4    -0.01     0.23     0.23     0.16     0.16  #Pristine210.6952+12.8768 
   -0.35     0.64     0.24     0.24      0.3      0.3  #Pristine220.6472+15.7418 
   -0.12     0.26     0.14     0.14     0.08     0.08  #Pristine224.8486+07.0259 
   -0.76     0.26      0.2      0.2        0        0  #Pristine230.4662+06.5251 
    0.05     0.03     0.16     0.16     0.17     0.17  #Pristine231.0319+06.4867 
   -0.12    -0.12     0.12     0.12     0.12     0.12  #Pristine231.2818+06.4018 
   -0.07     0.21     0.17     0.17     0.16     0.16  #Pristine237.0863+10.5790 
   -0.15      0.4     0.18     0.18      0.3      0.3  #Pristine254.0070+12.7611 
   -0.19     0.16     0.16     0.16     0.03     0.03  #Pristine254.1519+12.6741 
   -0.06    -0.02     0.14     0.14     0.03     0.03  #Pristine254.4842+15.4573 
   -0.65     0.07     0.23     0.23     0.21     0.21  #Pristine254.5606+15.4784 
   -0.15    -0.01     0.21     0.21     0.14     0.14  #Pristine255.0531+10.7488 
   -1.93     0.34        0        0      0.2      0.2  #CD-48_2445 
    -1.9     0.37      0.1      0.1      0.1      0.1  #CS22874-042 
   -1.75     0.03      0.1      0.1     0.22     0.22  #HD94028 
   -0.77     0.04     0.07     0.07     0.12     0.12  #HD006833 
   -0.91     0.17     0.07     0.07     0.14     0.14  #HD022879 
   -1.35     0.25     0.07     0.07     0.11     0.11  #HD103095 
   -0.61     0.18     0.08     0.08     0.15     0.15  #HD170153 
   -2.16     0.09      0.1      0.1     0.12     0.12  #HD19445 
   -2.26    -0.03     0.07     0.07     0.15     0.15  #HD216143 
   -2.26     0.14     0.06     0.06     0.15     0.15  #HD221170 
   -0.83     0.19     0.08     0.08     0.09     0.09  #HD6582 
   -1.58     0.03     0.08     0.08     0.04     0.04  #HD222925 
   -1.88     0.26     0.02     0.02     0.02     0.02  #2MJ02134021-0005183 
   -2.42     0.14     0.01     0.01     0.04     0.04  #2MJ11444480-1128167 
   -2.11     0.11     0.01     0.01     0.09     0.09  #2MJ12091322-1415313 
   -1.98     0.14     0.02     0.02     0.05     0.05  #2MJ13072823-0931148 
   -2.32     0.07     0.01     0.01     0.06     0.06  #2MJ13254554-1747547 
   -2.43     0.18     0.02     0.02     0.04     0.04  #2MJ13402720-0016031 
   -2.47    -0.01     0.02     0.02     0.08     0.08  #2MJ13431929-2358139 
   -1.87     0.11     0.01     0.01     0.23     0.23  #2MJ14043762+0011117 
      -2     0.12     0.01     0.01     0.06     0.06  #2MJ15211026-0607566 
   -2.26     0.25     0.01     0.01     0.04     0.04  #2MJ22562536-0719562 
   -2.09     0.26     0.01     0.01     0.04     0.04  #J000738.2-034551 
   -2.28     0.08     0.01     0.01     0.04     0.04  #J001236.5-181631 
   -2.35     0.45     0.02     0.02      0.1      0.1  #J003052.7-100704 
   -2.16     0.09     0.01     0.01     0.05     0.05  #J005327.8-025317 
   -2.32      0.1     0.02     0.02      0.1      0.1  #J005419.7-061155 
   -2.08     0.15     0.02     0.02     0.06     0.06  #J015656.3-140211 
   -2.38     0.19     0.02     0.02     0.04     0.04  #J022741.1-051923 
   -1.42     0.67     0.05     0.05     0.21     0.21  #J022938.7-130747 
   -2.13     0.19     0.03     0.03     0.05     0.05  #J023610.8-120256 
   -2.45     0.56     0.03     0.03     0.16     0.16  #J024620.1-151842 
   -2.23     0.14     0.01     0.01     0.04     0.04  #J030714.8-053455 
   -2.05     0.19     0.02     0.02     0.04     0.04  #J031337.3-102056 
   -1.92     0.26     0.01     0.01     0.05     0.05  #J034346.3-092417 
   -1.99      0.1     0.01     0.01     0.05     0.05  #J034621.6-073008 
   -2.38     0.05     0.02     0.02     0.06     0.06  #J035509.3-063711 
   -2.02     0.36     0.01     0.01     0.04     0.04  #J041929.7-051749 
   -2.38     0.01     0.01     0.01     0.09     0.09  #J042324.4-131506 
   -1.89     0.31     0.02     0.02     0.05     0.05  #J043422.5-232528 
   -2.48     0.36     0.03     0.03     0.08     0.08  #J044150.9-230348 
   -2.44    -0.06     0.01     0.01     0.06     0.06  #J045301.7-243714 
   -2.19     0.09     0.01     0.01     0.07     0.07  #J045651.5-311543 
   -2.16     0.03     0.02     0.02     0.07     0.07  #J050550.5-214508 
   -2.14     0.14     0.01     0.01     0.06     0.06  #J051727.4-134235 
   -2.18     0.06     0.02     0.02     0.05     0.05  #J05254724-3049100 
   -2.24     0.05     0.02     0.02     0.09     0.09  #J070520.3-334324 
   -1.96     0.25     0.02     0.02     0.14     0.14  #J071142.5-343237 
   -2.05     0.07     0.01     0.01     0.08     0.08  #J091858.9-231151 
   -2.32     0.22     0.02     0.02     0.01     0.01  #J092949.7-290559 
   -1.99     0.27     0.02     0.02     0.07     0.07  #J094634.8-062653 
   -2.24     0.18     0.02     0.02     0.09     0.09  #J094921.8-161722 
   -2.33     0.18     0.02     0.02     0.07     0.07  #J095801.8-144614 
    -2.4     0.33     0.02     0.02     0.12     0.12  #J100448.6-270650 
   -2.14     0.13     0.02     0.02     0.04     0.04  #J102237.8-340021 
   -2.24     0.32     0.02     0.02      0.1      0.1  #J103139.9-082759 
      -2     0.05     0.02     0.02     0.05     0.05  #J103634.4-193436 
   -2.18     0.49     0.02     0.02     0.04     0.04  #J104921.9-115417 
   -1.73     0.13     0.01     0.01     0.05     0.05  #J105136.9-211547 
   -2.16     0.08     0.01     0.01     0.04     0.04  #J105941.4-205225 
   -2.33    -0.01     0.01     0.01     0.08     0.08  #J112427.4-215510 
   -1.98     0.02     0.02     0.02     0.04     0.04  #J113901.0-055814 
   -2.05     0.24     0.01     0.01      0.1      0.1  #J114638.8-042240 
      -2     0.11     0.01     0.01     0.04     0.04  #J114729.9-052145 
   -2.41     0.76     0.03     0.03     0.04     0.04  #J115801.3-152218 
   -2.23     0.24     0.01     0.01     0.04     0.04  #J122927.0-044233 
   -2.12     0.18     0.01     0.01     0.05     0.05  #J123749.3-094930 
   -2.15     0.37     0.02     0.02     0.03     0.03  #J125039.9-030749 
   -2.34     0.02     0.01     0.01     0.07     0.07  #J125631.4-083410 
   -1.95     0.35     0.01     0.01     0.16     0.16  #J130200.0-084328 
   -1.93     0.14     0.01     0.01     0.04     0.04  #J130604.3-094730 
   -2.44     0.05     0.01     0.01     0.05     0.05  #J132139.3-113805 
   -2.38    -0.04     0.01     0.01     0.07     0.07  #J132604.5-152502 
    -2.2     0.34     0.02     0.02      0.1      0.1  #J132846.9-173136 
   -2.12     0.18     0.01     0.01     0.03     0.03  #J133352.8-262354 
   -2.45     0.21     0.01     0.01     0.05     0.05  #J133514.0-011052 
   -2.41      0.3     0.01     0.01     0.04     0.04  #J140308.6-321401 
   -2.06     0.18     0.02     0.02     0.05     0.05  #J141015.9-034355 
   -2.32     0.03     0.01     0.01     0.05     0.05  #J141808.7-284208 
   -2.08     0.12     0.01     0.01     0.03     0.03  #J141914.0-084441 
   -2.05     0.06     0.01     0.01     0.06     0.06  #J150025.0-061337 
   -1.82     0.29     0.01     0.01     0.05     0.05  #J150203.0-052857 
   -2.07     0.27     0.01     0.01     0.06     0.06  #J150757.0-065959 
   -2.29     0.18     0.01     0.01     0.05     0.05  #J150833.9-145917 
   -2.46      0.1     0.01     0.01     0.05     0.05  #J151116.8+002525 
   -2.36    -0.02     0.01     0.01     0.13     0.13  #J151608.7-212200 
   -2.09     0.15     0.02     0.02     0.05     0.05  #J153830.9-180424 
   -2.18     0.13     0.01     0.01     0.07     0.07  #J154204.1-013121 
   -2.48     0.31     0.01     0.01     0.03     0.03  #J154755.2-083710 
   -2.18     0.03     0.01     0.01     0.03     0.03  #J155427.3+002137 
   -1.87     0.13     0.01     0.01     0.04     0.04  #J160245.0-152102 
   -2.09      0.2     0.01     0.01     0.09     0.09  #J160612.7-040034 
   -2.28     0.19     0.01     0.01     0.06     0.06  #J160642.3-163245 
   -2.11     0.07     0.01     0.01     0.04     0.04  #J161228.3-084808 
    -1.8     0.32     0.01     0.01     0.06     0.06  #J161228.4-054142 
   -1.97     0.15     0.01     0.01     0.07     0.07  #J161635.6-040115 
   -2.41     0.12     0.03     0.03     0.04     0.04  #J161843.1-063056 
   -2.36     0.11     0.02     0.02     0.33     0.33  #J162722.5-084836 
      -2     0.11     0.02     0.02     0.04     0.04  #J162856.2-101457 
   -2.07     0.33     0.01     0.01     0.04     0.04  #J163931.1-052252 
   -2.15     0.13     0.01     0.01     0.08     0.08  #J164551.2-042947 
   -1.24     0.38     0.02     0.02     0.28     0.28  #J181146.8-212609 
   -1.89     0.12     0.01     0.01     0.04     0.04  #J190501.2-194928 
   -2.02     0.17     0.01     0.01     0.07     0.07  #J201027.8-082656 
   -2.24    -0.04     0.02     0.02     0.06     0.06  #J203226.1+000014 
   -2.41     0.22     0.02     0.02     0.21     0.21  #J203622.6-071420 
   -2.16     0.26     0.01     0.01     0.09     0.09  #J203858.9-025212 
   -2.36     0.07     0.02     0.02     0.15     0.15  #J205849.2-035434 
   -2.47     0.06     0.01     0.01     0.03     0.03  #J215136.0-054340 
   -1.97     0.16     0.01     0.01     0.04     0.04  #J225652.6-050007 
   -2.46     0.06     0.02     0.02     0.06     0.06  #J230430.2+015517 
    -2.3     0.11     0.02     0.02     0.03     0.03  #J232519.0-081554 
   -2.36     0.11        0        0     0.07     0.07  #TYC4924-33-1 
   -2.02     0.03        0        0     0.03     0.03  #TYC4995-333-1 
   -2.41     0.05        0        0     0.01     0.01  #TYC5329-1927-1 
   -2.47    -0.01        0        0     0.05     0.05  #TYC5861-1732-1 
   -2.12     0.13        0        0     0.07     0.07  #TYC6535-3183-1 
   -2.45     0.19        0        0     0.05     0.05  #TYC6900-414-1 
   -0.58     0.32        0        0        0        0  #BD+00_2627 
   -0.87     0.18        0        0        0        0  #BD+00_549 
   -0.84     0.23        0        0        0        0  #BD+11_4725 
   -0.81     0.24        0        0        0        0  #BD+14_3384 
   -0.92     0.18        0        0        0        0  #BD+18_3423 
   -0.99     0.23        0        0        0        0  #BD+20_2594 
   -0.88      0.4        0        0        0        0  #BD+22_2442 
   -1.19     0.36        0        0        0        0  #BD+26_4251 
   -0.87     0.31        0        0        0        0  #BD+31_3025 
    0.09     0.11        0        0        0        0  #BD+35_4669 
    -0.9     0.23        0        0        0        0  #BD+36_1898 
   -1.39     0.34        0        0        0        0  #BD+42_2667 
   -0.24     0.26        0        0        0        0  #BD+46_1264 
   -0.85     0.33        0        0        0        0  #BD+46_610 
   -1.55     0.38        0        0        0        0  #BD+51_1696 
   -0.59     0.32        0        0        0        0  #BD+59_1609 
    -0.7      0.2        0        0        0        0  #BD+65_737 
   -0.64     0.26        0        0        0        0  #BD+67_1034 
   -0.94     0.28        0        0        0        0  #BD+68_394 
   -0.43     0.36        0        0        0        0  #BD+70_1218 
   -0.45     0.34        0        0        0        0  #BD+70_950 
   -0.55     0.17        0        0        0        0  #BD+73_943 
   -0.47     0.29        0        0        0        0  #BD+77_876 
   -0.92     0.36        0        0        0        0  #BD+79_22 
   -0.92     0.03        0        0        0        0  #BD-01_306 
   -0.62     0.14        0        0        0        0  #BD-04_2862 
   -0.71     0.21        0        0        0        0  #CD-28_8426 
   -1.52     0.46        0        0        0        0  #G115-22 
   -0.79     0.32        0        0        0        0  #G159-5 
   -1.44     0.45        0        0        0        0  #G37-38 
   -0.89     0.18        0        0        0        0  #G9-31 
   -0.84     0.17        0        0        0        0  #HD104800 
   -0.69     0.16        0        0        0        0  #HD10519 
   -0.79     0.14        0        0        0        0  #HD106516 
   -0.77     0.21        0        0        0        0  #HD107582 
   -0.69     0.22        0        0        0        0  #HD107760 
   -0.64     0.22        0        0        0        0  #HD110642 
   -0.88     0.13        0        0        0        0  #HD110898 
   -0.29     0.13        0        0        0        0  #HD111367 
   -1.03     0.22        0        0        0        0  #HD111980 
   -0.65     0.19        0        0        0        0  #HD11397 
   -0.26     0.14        0        0        0        0  #HD114094 
   -0.76     0.11        0        0        0        0  #HD114762 
   -0.49     0.21        0        0        0        0  #HD116926 
   -0.67     0.23        0        0        0        0  #HD126512 
   -1.15     0.19        0        0        0        0  #HD126681 
   -0.44     0.19        0        0        0        0  #HD127340 
   -0.19     0.16        0        0        0        0  #HD129290 
   -0.78      0.2        0        0        0        0  #HD131597 
   -0.16     0.08        0        0        0        0  #HD132130 
    -0.8     0.17        0        0        0        0  #HD134088 
    -0.9     0.23        0        0        0        0  #HD134113 
   -0.28     0.03        0        0        0        0  #HD135145 
   -0.44     0.07        0        0        0        0  #HD136231 
   -0.72     0.14        0        0        0        0  #HD14056 
   -0.74     0.14        0        0        0        0  #HD14106 
   -0.85     0.24        0        0        0        0  #HD148816 
   -0.43     0.22        0        0        0        0  #HD150433 
   -0.06     0.09        0        0        0        0  #HD150633 
    0.04     0.15        0        0        0        0  #HD151504 
    0.04     0.11        0        0        0        0  #HD156342 
   -0.57      0.1        0        0        0        0  #HD156802 
   -0.34     0.24        0        0        0        0  #HD156893 
   -0.56     0.11        0        0        0        0  #HD158226 
   -0.75     0.23        0        0        0        0  #HD158809 
   -0.44     0.23        0        0        0        0  #HD159001 
   -0.48     0.31        0        0        0        0  #HD159062 
   -0.75     0.19        0        0        0        0  #HD159482 
   -0.59     0.16        0        0        0        0  #HD160693 
   -0.35     0.36        0        0        0        0  #HD161848 
   -0.26     0.16        0        0        0        0  #HD162756 
   -0.86     0.32        0        0        0        0  #HD163799 
   -0.21     0.14        0        0        0        0  #HD16609 
   -0.25     0.18        0        0        0        0  #HD167677 
   -0.77     0.46        0        0        0        0  #HD170357 
   -0.55     0.16        0        0        0        0  #HD171009 
   -0.75     0.15        0        0        0        0  #HD17820 
   -0.32     0.23        0        0        0        0  #HD178496 
   -1.17      0.2        0        0        0        0  #HD179626 
   -0.61     0.21        0        0        0        0  #HD184499 
   -0.23     0.19        0        0        0        0  #HD188326 
   -1.66     0.51        0        0        0        0  #HD188510 
    -0.7     0.32        0        0        0        0  #HD18907 
   -1.18     0.22        0        0        0        0  #HD189558 
   -0.54     0.23        0        0        0        0  #HD19034 
   -0.59     0.18        0        0        0        0  #HD192718 
    0.04     0.03        0        0        0        0  #HD197207 
   -0.78     0.11        0        0        0        0  #HD20039 
   -1.12     0.23        0        0        0        0  #HD201891 
   -0.32     0.11        0        0        0        0  #HD20512 
   -0.98     0.23        0        0        0        0  #HD212029 
    -0.5     0.22        0        0        0        0  #HD214059 
   -0.75     0.33        0        0        0        0  #HD216179 
   -0.68     0.15        0        0        0        0  #HD217231 
   -0.56     0.25        0        0        0        0  #HD221830 
    0.32     0.05        0        0        0        0  #HD22254 
   -0.82     0.22        0        0        0        0  #HD222794 
    0.15     0.18        0        0        0        0  #HD230999 
    -0.4     0.18        0        0        0        0  #HD232996 
   -0.49     0.11        0        0        0        0  #HD233345 
   -1.08     0.19        0        0        0        0  #HD23439 
   -0.71      0.2        0        0        0        0  #HD237354 
   -0.51     0.19        0        0        0        0  #HD240299 
   -1.05      0.2        0        0        0        0  #HD241253 
    -0.8      0.2        0        0        0        0  #HD246067 
   -1.06     0.38        0        0        0        0  #HD250792 
   -0.68      0.1        0        0        0        0  #HD283807 
   -0.29     0.13        0        0        0        0  #HD285571 
    -0.5     0.07        0        0        0        0  #HD28645 
   -0.46     0.29        0        0        0        0  #HD29400 
     0.1     0.06        0        0        0        0  #HD29528 
   -0.37     0.31        0        0        0        0  #HD31501 
   -0.54     0.23        0        0        0        0  #HD33449 
   -0.33     0.16        0        0        0        0  #HD3403 
   -0.34     0.26        0        0        0        0  #HD344779 
    0.05      0.1        0        0        0        0  #HD36130 
    -0.4     0.26        0        0        0        0  #HD36283 
   -0.39     0.28        0        0        0        0  #HD37739 
    -0.7     0.16        0        0        0        0  #HD3795 
   -0.86     0.22        0        0        0        0  #HD38510 
   -0.73     0.23        0        0        0        0  #HD39861 
   -0.55     0.18        0        0        0        0  #HD4156 
   -0.92     0.11        0        0        0        0  #HD45205 
   -0.64     0.13        0        0        0        0  #HD46341 
    -0.1     0.08        0        0        0        0  #HD51219 
   -0.67     0.24        0        0        0        0  #HD5256 
    -0.2     0.08        0        0        0        0  #HD54351 
   -0.35     0.09        0        0        0        0  #HD56451 
   -0.82      0.2        0        0        0        0  #HD60319 
   -0.56     0.29        0        0        0        0  #HD61383 
   -0.84     0.18        0        0        0        0  #HD64385 
   -0.79     0.18        0        0        0        0  #HD6500 
   -0.46     0.08        0        0        0        0  #HD65871 
   -0.52     0.29        0        0        0        0  #HD6734 
   -0.52      0.2        0        0        0        0  #HD68017 
   -0.67     0.15        0        0        0        0  #HD69611 
   -0.75     0.38        0        0        0        0  #HD74011 
   -0.64     0.37        0        0        0        0  #HD7424 
   -0.64     0.31        0        0        0        0  #HD75530 
   -0.56      0.2        0        0        0        0  #HD78558 
   -0.72     0.25        0        0        0        0  #HD7983 
   -0.51     0.31        0        0        0        0  #HD80811 
   -0.52     0.35        0        0        0        0  #HD84038 
   -0.46     0.15        0        0        0        0  #HD8638 
   -0.53     0.13        0        0        0        0  #HD89707 
    -1.3      0.1        0        0        0        0  #HD91121 
   -0.07     0.11        0        0        0        0  #HD91988 
    0.06     0.07        0        0        0        0  #HD94667 
   -0.44     0.15        0        0        0        0  #HD96094 
   -0.03     0.07        0        0        0        0  #HD101501 
     0.2     0.15        0        0        0        0  #HD102634 
    0.13     0.06        0        0        0        0  #HD102870 
    0.06     0.02        0        0        0        0  #HD10307 
    0.25     0.09        0        0        0        0  #HD104304 
   -0.01     0.13        0        0        0        0  #HD10476 
    0.13     0.08        0        0        0        0  #HD10697 
   -0.43     0.29        0        0        0        0  #HD10700 
    0.26     0.21        0        0        0        0  #HD107213 
     0.1     0.16        0        0        0        0  #HD10780 
   -0.22     0.07        0        0        0        0  #HD109358 
    -0.5     0.11        0        0        0        0  #HD110897 
     0.1     0.05        0        0        0        0  #HD111395 
   -0.12     0.02        0        0        0        0  #HD114642 
     0.1      0.1        0        0        0        0  #HD114710 
   -0.33     0.14        0        0        0        0  #HD114946 
    0.21     0.13        0        0        0        0  #HD115383 
    0.11     0.16        0        0        0        0  #HD115617 
   -0.11     0.03        0        0        0        0  #HD117176 
    0.28    -0.02        0        0        0        0  #HD120136 
    0.29     0.21        0        0        0        0  #HD121370 
       0     0.12        0        0        0        0  #HD122742 
    0.05     0.18        0        0        0        0  #HD123 
    0.07     0.26        0        0        0        0  #HD124570 
   -0.01     0.22        0        0        0        0  #HD124850 
    0.25      0.1        0        0        0        0  #HD125184 
    0.22     0.08        0        0        0        0  #HD127334 
   -0.29     0.66        0        0        0        0  #HD128167 
   -0.13     0.13        0        0        0        0  #HD131156 
    0.08     0.11        0        0        0        0  #HD131511 
   -0.19     0.14        0        0        0        0  #HD133640 
    0.28     0.11        0        0        0        0  #HD134987 
   -0.24     0.17        0        0        0        0  #HD13555 
    0.04     0.05        0        0        0        0  #HD136064 
   -0.06    -0.04        0        0        0        0  #HD137108 
    0.43     0.12        0        0        0        0  #HD137510 
   -0.01     0.11        0        0        0        0  #HD141004 
    0.17     0.09        0        0        0        0  #HD14214 
   -0.51     0.06        0        0        0        0  #HD142373 
   -0.13      0.1        0        0        0        0  #HD142860 
   -0.22     0.11        0        0        0        0  #HD143761 
    0.28     0.09        0        0        0        0  #HD144585 
    0.44      0.2        0        0        0        0  #HD145675 
    0.05     0.17        0        0        0        0  #HD149661 
   -0.04     0.28        0        0        0        0  #HD150706 
   -0.08     0.34        0        0        0        0  #HD151769 
    -0.2     0.02        0        0        0        0  #HD15335 
   -0.08     0.29        0        0        0        0  #HD153597 
   -0.23     0.16        0        0        0        0  #HD156826 
   -0.37     0.27        0        0        0        0  #HD157214 
   -0.26     0.29        0        0        0        0  #HD15798 
     0.1     0.11        0        0        0        0  #HD16141 
    0.29     0.06        0        0        0        0  #HD161797 
   -0.03     0.19        0        0        0        0  #HD163989 
    0.05     0.19        0        0        0        0  #HD165341 
   -0.46     0.12        0        0        0        0  #HD165908 
    0.05     0.06        0        0        0        0  #HD16673 
    0.05     0.15        0        0        0        0  #HD168009 
   -0.26     0.57        0        0        0        0  #HD168151 
    0.05      0.2        0        0        0        0  #HD168443 
    0.06     0.08        0        0        0        0  #HD16895 
    0.17     0.11        0        0        0        0  #HD169830 
    0.16     0.11        0        0        0        0  #HD178428 
    0.13     0.18        0        0        0        0  #HD17925 
    0.22    -0.08        0        0        0        0  #HD179949 
    -0.2     0.37        0        0        0        0  #HD181096 
    0.15     0.06        0        0        0        0  #HD181655 
    0.21     0.14        0        0        0        0  #HD182488 
    0.33     0.16        0        0        0        0  #HD182572 
   -0.15     0.15        0        0        0        0  #HD185144 
    0.05      0.1        0        0        0        0  #HD186408 
    0.11     0.09        0        0        0        0  #HD186427 
    0.03     0.33        0        0        0        0  #HD187013 
    0.11     0.02        0        0        0        0  #HD187691 
    0.15     0.08        0        0        0        0  #HD18803 
    0.06     0.09        0        0        0        0  #HD190406 
   -0.06      0.1        0        0        0        0  #HD193664 
    0.04     0.07        0        0        0        0  #HD195019 
    0.09     0.11        0        0        0        0  #HD196755 
   -0.08     0.05        0        0        0        0  #HD197076 
    0.26     0.09        0        0        0        0  #HD19994 
    0.28     0.08        0        0        0        0  #HD199960 
   -0.02     0.37        0        0        0        0  #HD200790 
    0.11     0.05        0        0        0        0  #HD20630 
   -0.49     0.38        0        0        0        0  #HD207978 
    -0.5     0.14        0        0        0        0  #HD21019 
    0.25     0.16        0        0        0        0  #HD210277 
    0.07     0.14        0        0        0        0  #HD210855 
    -0.2     0.35        0        0        0        0  #HD215648 
   -0.19     0.37        0        0        0        0  #HD216385 
     0.2     0.07        0        0        0        0  #HD217014 
    0.31     0.07        0        0        0        0  #HD217107 
    0.05     0.08        0        0        0        0  #HD219623 
    0.05     0.14        0        0        0        0  #HD22049 
   -0.03     0.22        0        0        0        0  #HD222368 
   -0.04     0.12        0        0        0        0  #HD22484 
   -0.41     0.17        0        0        0        0  #HD225239 
    0.23     0.05        0        0        0        0  #HD30562 
    -0.2     0.09        0        0        0        0  #HD32923 
   -0.13     0.11        0        0        0        0  #HD33636 
    0.11     0.01        0        0        0        0  #HD34411 
    0.31      0.1        0        0        0        0  #HD38529 
   -0.02      0.1        0        0        0        0  #HD39587 
   -0.24     0.33        0        0        0        0  #HD400 
    0.12     0.18        0        0        0        0  #HD43042 
   -0.29     0.08        0        0        0        0  #HD4307 
   -0.19     0.22        0        0        0        0  #HD43318 
   -0.21     0.11        0        0        0        0  #HD4614 
   -0.24     0.23        0        0        0        0  #HD4628 
   -0.05     0.13        0        0        0        0  #HD4813 
    0.13     0.05        0        0        0        0  #HD5015 
   -0.03     0.06        0        0        0        0  #HD50554 
    0.19     0.05        0        0        0        0  #HD52265 
   -0.11     0.14        0        0        0        0  #HD52711 
   -0.33     0.25        0        0        0        0  #HD55575 
   -0.65     0.52        0        0        0        0  #HD59984 
   -0.02     0.22        0        0        0        0  #HD61421 
    0.13     0.08        0        0        0        0  #HD67228 
   -0.05     0.08        0        0        0        0  #HD67767 
   -0.01     0.05        0        0        0        0  #HD6920 
   -0.34     0.23        0        0        0        0  #HD693 
   -0.01     0.17        0        0        0        0  #HD69830 
   -0.31     0.25        0        0        0        0  #HD69897 
    0.12     0.14        0        0        0        0  #HD70110 
   -0.33     0.04        0        0        0        0  #HD7439 
   -0.28     0.28        0        0        0        0  #HD7476 
    0.46     0.15        0        0        0        0  #HD75732 
    0.02     0.15        0        0        0        0  #HD76151 
    -0.9     0.28        0        0        0        0  #HD76932 
       0     0.04        0        0        0        0  #HD79028 
   -0.34     0.22        0        0        0        0  #HD81809 
   -0.27     0.24        0        0        0        0  #HD82328 
    0.33     0.16        0        0        0        0  #HD82885 
    0.27      0.1        0        0        0        0  #HD82943 
    0.13     0.13        0        0        0        0  #HD84737 
    0.27     0.16        0        0        0        0  #HD86728 
    0.21     0.12        0        0        0        0  #HD88737 
    0.05     0.15        0        0        0        0  #HD88986 
   -0.39     0.33        0        0        0        0  #HD89125 
    0.14     0.04        0        0        0        0  #HD89744 
   -0.21     0.01        0        0        0        0  #HD91889 
    0.01     0.03        0        0        0        0  #HD95128 
   -0.27     0.19        0        0        0        0  #HD95241 
    0.26     0.04        0        0        0        0  #HD9562 
    0.07     0.09        0        0        0        0  #HD9826 
    0.33     0.12        0        0        0        0  #HD99491 
   -0.67     0.24        0        0        0        0  #HD062301 
   -0.11     0.04        0        0        0        0  #HD100180A 
   -0.48     0.17        0        0        0        0  #HD100446 
   -0.47     0.14        0        0        0        0  #HD101676 
   -0.71     0.12        0        0        0        0  #HD106516A 
   -0.06     0.07        0        0        0        0  #HD108510 
   -0.61     0.03        0        0        0        0  #HD109303 
   -0.16     0.08        0        0        0        0  #HD11007 
   -0.05     0.04        0        0        0        0  #HD114710A 
       0     0.04        0        0        0        0  #HD115383A 
   -0.38     0.08        0        0        0        0  #HD121560 
    0.05     0.15        0        0        0        0  #HD124244 
   -0.33     0.08        0        0        0        0  #HD128385 
    -0.2     0.05        0        0        0        0  #HD130948 
    0.08     0.13        0        0        0        0  #HD132254 
   -0.52     0.21        0        0        0        0  #HD139457 
   -0.61     0.24        0        0        0        0  #HD146099A 
    0.08     0.05        0        0        0        0  #HD149750 
   -0.04    -0.01        0        0        0        0  #HD154417 
   -0.02     0.07        0        0        0        0  #HD157347 
   -0.08     0.16        0        0        0        0  #HD162004B 
   -0.33    -0.06        0        0        0        0  #HD167588 
   -0.19      0.2        0        0        0        0  #HD189340 
   -0.27     0.24        0        0        0        0  #HD191862A 
   -0.31     0.06        0        0        0        0  #HD198390 
   -0.58     0.24        0        0        0        0  #HD200580 
   -0.65     0.01        0        0        0        0  #HD204306 
   -0.04     0.16        0        0        0        0  #HD206301 
    -0.2     0.03        0        0        0        0  #HD206860 
   -0.73     0.05        0        0        0        0  #HD208906A 
   -0.29     0.19        0        0        0        0  #HD209942A 
   -0.68      0.2        0        0        0        0  #HD210752 
   -0.64     0.23        0        0        0        0  #HD215257 
    0.02    -0.03        0        0        0        0  #HD219623A 
   -0.37     0.11        0        0        0        0  #HD24421 
   -0.61     0.16        0        0        0        0  #HD25173 
   -0.23    -0.03        0        0        0        0  #HD33632A 
    0.01     0.06        0        0        0        0  #HD34411A 
   -0.59     0.21        0        0        0        0  #HD3454 
   -0.14     0.06        0        0        0        0  #HD35296A 
    0.04     0.07        0        0        0        0  #HD39833 
   -0.62     0.23        0        0        0        0  #HD41640 
   -0.33     0.04        0        0        0        0  #HD43947 
   -0.24     0.06        0        0        0        0  #HD46317 
    -0.7     0.24        0        0        0        0  #HD49732 
   -0.44     0.23        0        0        0        0  #HD54717 
   -0.54     0.11        0        0        0        0  #HD58551 
   -0.31      0.1        0        0        0        0  #HD58855 
   -0.17     0.19        0        0        0        0  #HD59380 
   -0.71     0.11        0        0        0        0  #HD59984A 
   -0.39     0.05        0        0        0        0  #HD63333 
   -0.09     0.13        0        0        0        0  #HD68146A 
   -0.45     0.12        0        0        0        0  #HD6840 
       0     0.07        0        0        0        0  #HD72945A 
       0     0.07        0        0        0        0  #HD75332 
   -0.49      0.1        0        0        0        0  #HD76349 
   -0.26     0.13        0        0        0        0  #HD78418A 
   -0.28     0.08        0        0        0        0  #HD80218 
   -0.36     0.02        0        0        0        0  #HD89125A 
   -0.18      0.1        0        0        0        0  #HD90839A 
   -0.24     0.08        0        0        0        0  #HD91889A 
    0.06     0.07        0        0        0        0  #HD94280 
