# X Y X1 X2 Y1 Y2
    -2.9     0.31      0.1      0.1      0.1      0.1  #BS16085-0050 
   -3.02     0.13     0.14     0.14     0.12     0.12  #BS16469-075 
   -2.84     0.01     0.15     0.15     0.15     0.15  #HD115444 
   -2.76     0.11     0.19     0.19     0.13     0.13  #HD122563 
   -2.78      0.3     0.12     0.12     0.12     0.12  #HD126587 
   -2.49      0.2     0.12     0.12     0.15     0.15  #HD186478 
   -2.88     0.19     0.09     0.09     0.17     0.17  #HD4306 
   -3.06     0.47      0.2      0.2     0.17     0.17  #HD88609 
   -2.68     0.12     0.16     0.16        0        0  #CS29497-004 
   -2.72        0     0.14     0.14     0.13     0.13  #BD+05_3098 
   -2.75    -0.02     0.13     0.13     0.13     0.13  #BD-17_6036 
   -3.03    -0.02     0.08     0.08     0.11     0.11  #BD-18_5550 
   -2.74     0.02     0.18     0.18     0.23     0.23  #CS30337-097 
   -2.99     0.09     0.18     0.18     0.23     0.23  #HE0111-1454 
   -2.62     0.21     0.18     0.18     0.24     0.24  #HE0143-4108 
   -2.82     0.39     0.18     0.18     0.23     0.23  #HE0308-1154 
   -2.61     0.07     0.19     0.19     0.23     0.23  #HE0517-1952 
   -2.75    -0.13     0.19     0.19     0.24     0.24  #HE0858-0016 
   -2.75     0.08     0.18     0.18     0.23     0.23  #HE1225+0155 
   -2.61     0.09     0.18     0.18     0.23     0.23  #HE1247-2114 
   -2.65     0.03     0.18     0.18     0.23     0.23  #HE1249-2932 
   -2.98     0.04     0.18     0.18     0.23     0.23  #HE1314-3036 
   -2.58    -0.04     0.19     0.19     0.24     0.24  #HE2217-0706 
   -2.62        0     0.19     0.19     0.24     0.24  #HE2217-1523 
    -2.6     0.14     0.17     0.17     0.24     0.24  #HE2224-4103 
   -2.56    -0.14     0.19     0.19     0.23     0.23  #HE2347-1334 
   -3.44    -0.09     0.18     0.18      0.1      0.1  #CS30322-023 
   -2.58     0.15     0.03     0.03     0.16     0.16  #BD+23_3130 
   -3.07     0.04     0.09     0.09     0.07     0.07  #BS16080-054 
   -3.19    -0.02     0.09     0.09     0.17     0.17  #BS16080-093 
    -3.2    -0.07     0.09     0.09     0.07     0.07  #BS16084-160 
   -3.07     -0.3     0.09     0.09     0.16     0.16  #BS16928-053 
   -3.42     0.14     0.03     0.03     0.19     0.19  #CS22963-004 
    -2.9    -0.04     0.09     0.09     0.16     0.16  #CS30325-028 
   -2.84     0.13     0.03     0.03     0.13     0.13  #CS31078-018 
   -2.68     0.21     0.08     0.08      0.1      0.1  #CS31085-024 
   -3.52      0.4     0.19     0.19     0.14     0.14  #BS16467-062 
   -2.78    -0.26     0.09     0.09        0        0  #HE2327-5642 
   -3.12    -0.22     0.22     0.22        0        0  #BS16920-017 
   -3.44    -0.19     0.15     0.15     0.08     0.08  #BS16550-087 
   -3.34     1.18     0.21     0.21        0        0  #HE0009-6039  # Y Upper Limit
   -3.23    -0.19     0.18     0.18        0        0  #HE0039-4154 
   -2.89    -0.02     0.12     0.12     0.03     0.03  #HE0445-2339 
   -2.61     0.31     0.13     0.13     0.02     0.02  #HE0447-1858 
   -2.96     0.21     0.11     0.11     0.04     0.04  #HE1226-1149 
   -2.95     0.14     0.18     0.18        0        0  #HE1258-1317 
   -3.53     0.81     0.18     0.18        0        0  #HE1347-1025  # Y Upper Limit
   -4.14     0.74     0.17     0.17        0        0  #HE1424-0241  # Y Upper Limit
   -2.91     0.18     0.13     0.13     0.19     0.19  #HE2236+0204 
      -3    -0.09     0.18     0.18        0        0  #HE2249-1704 
   -3.33     0.03     0.12     0.12     0.09     0.09  #HE2314-1554 
   -2.93    -0.18     0.17     0.17     0.01     0.01  #HE2339-5105 
   -3.22     0.42     0.15     0.15        0        0  #HE2357-0701 
   -3.75     2.72     0.01     0.01      0.1      0.1  #HE0048-6408 
   -2.94     0.13     0.08     0.08        0        0  #HE2252-4225 
   -3.53    -0.02     0.15     0.15     0.18     0.18  #CS22878-101 
   -4.06     0.18     0.15     0.15     0.27     0.27  #CS22891-200 
   -3.12     0.24     0.15     0.15     0.27     0.27  #CS22893-010 
    -3.5     0.25     0.15     0.15     0.18     0.18  #CS22948-066 
   -3.31     0.21     0.15     0.15     0.23     0.23  #CS30314-067 
   -2.92    -0.33     0.15     0.15     0.17     0.17  #BD-15_5781 
      -3    -0.31     0.15     0.15     0.17     0.17  #BD-20_6008 
   -4.59     0.47     0.16     0.16        0        0  #CD-38_245  # Y Upper Limit
   -3.22    -0.03     0.15     0.15     0.19     0.19  #CS22166-016 
   -3.31    -0.42     0.15     0.15     0.18     0.18  #CS22169-035 
   -2.68    -0.15     0.14     0.14     0.17     0.17  #CS22172-029 
   -2.65      0.4     0.21     0.21     0.31     0.31  #CS22182-033 
   -3.57     0.24     0.15     0.15     0.18     0.18  #CS22183-031 
   -3.06    -0.02     0.15     0.15     0.17     0.17  #CS22185-007 
   -2.72    -0.05     0.21     0.21     0.26     0.26  #CS22186-002 
   -3.04     -0.1     0.15     0.15     0.18     0.18  #CS22186-023 
   -3.92     0.19     0.15     0.15        0        0  #CS22189-009  # Y Upper Limit
   -2.94     0.61     0.17     0.17        0        0  #CS22191-029  # Y Upper Limit
   -3.32     0.04     0.14     0.14     0.17     0.17  #CS22873-128 
   -2.71     0.32     0.17     0.17     0.24     0.24  #CS22875-029 
   -3.23     0.03     0.15     0.15     0.18     0.18  #CS22877-011 
   -2.66     0.17     0.17     0.17     0.24     0.24  #CS22879-097 
   -3.23     1.16     0.21     0.21        0        0  #CS22880-067  # Y Upper Limit
   -3.28      0.3     0.15     0.15     0.25     0.25  #CS22880-086 
   -3.55     1.46     0.23     0.23        0        0  #CS22881-032  # Y Upper Limit
   -2.62     0.43     0.17     0.17     0.24     0.24  #CS22882-001 
   -3.47      0.8     0.22     0.22        0        0  #CS22882-030  # Y Upper Limit
   -4.41     0.74     0.15     0.15        0        0  #CS22885-096  # Y Upper Limit
   -2.88     0.51     0.21     0.21     0.23     0.23  #CS22886-012 
   -2.93     0.89     0.21     0.21        0        0  #CS22888-002  # Y Upper Limit
   -2.77    -0.11     0.14     0.14      0.2      0.2  #CS22890-024 
   -2.68        0     0.17     0.17     0.25     0.25  #CS22891-184 
   -3.49     0.02     0.15     0.15     0.18     0.18  #CS22891-209 
   -3.23     0.07     0.15     0.15     0.23     0.23  #CS22891-221 
   -2.99     0.47     0.15     0.15     0.26     0.26  #CS22893-005 
   -2.85    -0.03     0.15     0.15     0.18     0.18  #CS22896-015 
   -2.52     0.27     0.17     0.17     0.24     0.24  #CS22896-055 
   -2.85     0.15     0.17     0.17     0.21     0.21  #CS22896-110 
   -3.83     0.16     0.15     0.15     0.27     0.27  #CS22897-008 
   -2.72     0.24     0.17     0.17     0.24     0.24  #CS22937-072 
    -3.1     0.33     0.17     0.17      0.2      0.2  #CS22940-077 
   -3.14      0.2     0.17     0.17     0.25     0.25  #CS22940-121 
   -3.11     0.05     0.15     0.15     0.19     0.19  #CS22941-017 
   -3.61     0.29     0.15     0.15     0.31     0.31  #CS22942-002 
   -2.88    -0.21     0.15     0.15     0.18     0.18  #CS22942-011 
   -3.08     0.01     0.15     0.15     0.18     0.18  #CS22942-035 
   -3.64     1.06     0.15     0.15        0        0  #CS22943-137  # Y Upper Limit
   -3.22     0.11     0.15     0.15     0.18     0.18  #CS22944-032 
   -2.92    -0.23     0.15     0.15     0.18     0.18  #CS22945-028 
   -2.82      0.2     0.17     0.17     0.25     0.25  #CS22945-056 
   -2.84     0.38     0.17     0.17     0.24     0.24  #CS22945-063 
   -3.55    -0.11     0.15     0.15     0.18     0.18  #CS22949-048 
   -2.84    -0.47     0.14     0.14     0.21     0.21  #CS22951-059 
   -3.87     -0.1     0.15     0.15     0.29     0.29  #CS22952-015 
   -3.13    -0.24     0.14     0.14     0.19     0.19  #CS22953-003 
    -3.1     0.22     0.17     0.17     0.25     0.25  #CS22955-174 
   -3.67     0.12     0.15     0.15     0.26     0.26  #CS22956-050 
   -2.75     0.55     0.21     0.21        0        0  #CS22956-062  # Y Upper Limit
   -3.19    -0.05     0.15     0.15     0.18     0.18  #CS22956-114 
   -2.98    -0.24     0.15     0.15     0.17     0.17  #CS22957-013 
   -3.28     0.01     0.14     0.14     0.18     0.18  #CS22957-022 
   -2.51     0.26     0.17     0.17     0.24     0.24  #CS22958-037 
   -3.05    -0.01     0.14     0.14     0.17     0.17  #CS22958-083 
    -2.6    -0.21     0.15     0.15     0.17     0.17  #CS22959-074 
   -3.91     0.63     0.15     0.15        0        0  #CS22960-048  # Y Upper Limit
   -2.77    -0.15     0.14     0.14     0.18     0.18  #CS22960-064 
   -3.13     0.04     0.14     0.14     0.17     0.17  #CS22965-016 
   -3.99     0.05     0.15     0.15      0.2      0.2  #CS22968-014 
    -3.1     0.89     0.21     0.21        0        0  #CS22968-029  # Y Upper Limit
   -2.76     0.27     0.21     0.21     0.28     0.28  #CS29493-062 
   -2.78     0.27     0.21     0.21     0.24     0.24  #CS29517-018 
   -3.22    -0.11     0.14     0.14     0.17     0.17  #CS30312-044 
   -3.41    -0.05     0.15     0.15     0.19     0.19  #CS30312-059 
   -2.69     0.08     0.17     0.17     0.25     0.25  #CS30339-052 
   -3.93     0.63     0.15     0.15        0        0  #CS30339-073  # Y Upper Limit
   -3.27    -0.31     0.15     0.15     0.19     0.19  #CS30492-110 
   -2.97    -0.11     0.15     0.15     0.18     0.18  #CS30494-003 
   -3.09    -0.11     0.15     0.15     0.17     0.17  #CS31082-001 
   -2.97    -0.13     0.15     0.15     0.17     0.17  #HD13979 
   -3.13      0.1     0.15     0.15     0.18     0.18  #HD200654 
   -3.21    -0.21     0.14     0.14     0.18     0.18  #HD237846 
    -2.8    -0.08     0.15     0.15     0.17     0.17  #HD26169 
   -3.77     0.38     0.15     0.15        0        0  #HE0056-3022  # Y Upper Limit
   -3.05    -0.06     0.15     0.15     0.18     0.18  #HE0336-2412 
   -3.38     0.05     0.15     0.15     0.22     0.22  #HE0454-4758 
   -3.18    -0.07     0.15     0.15     0.17     0.17  #HE1320-1339 
   -3.43    -0.18     0.13     0.13     0.16     0.16  #CS30315-029 
   -2.56    -0.05        0        0        0        0  #HE0105-6141 
   -2.86     0.05        0        0        0        0  #HE0240-0807 
   -2.74     0.03        0        0        0        0  #HE0524-2055 
   -2.61     0.03        0        0        0        0  #HE2229-4153 
   -3.26     0.29     0.14     0.14     0.04     0.04  #LAMOSTJ0006+1057 
   -2.75     0.04     0.15     0.15     0.12     0.12  #LAMOSTJ0102+0428 
   -3.57     0.24     0.19     0.19     0.04     0.04  #LAMOSTJ0126+0135 
   -3.36     0.03      0.1      0.1     0.03     0.03  #LAMOSTJ0326+0202 
   -2.96      0.8      0.2      0.2        0        0  #HE0109-4510  # Y Upper Limit
   -3.02      0.8      0.2      0.2        0        0  #HE0440-1049  # Y Upper Limit
   -3.43      1.3      0.2      0.2        0        0  #HE1218-1828  # Y Upper Limit
   -2.71     0.21      0.2      0.2     0.17     0.17  #HE1429-0347 
   -2.81     0.17      0.2      0.2     0.23     0.23  #HE2159-0551 
   -2.91     0.28     0.12     0.12     0.04     0.04  #RAVEJ203843.2-002333 
   -2.99        0        0        0        0        0  #2MASSJ09544277+5246414 
   -3.16     0.12     0.15     0.15     0.09     0.09  #J0858-0809 
   -2.97     0.09     0.13     0.13     0.07     0.07  #J1432-4125 
   -2.79     0.37        0        0     0.01     0.01  #CS31082-0001 
   -3.72     0.68        0        0     0.03     0.03  #HE1116-0634 
   -2.89     0.04        0        0     0.01     0.01  #HE1317-0407 
   -3.09     0.01        0        0     0.01     0.01  #HE1523-0901 
   -3.38     1.36     0.03     0.03     0.06     0.06  #J002244.9-172429 
    -2.6    -0.25     0.02     0.02     0.01     0.01  #J014519.5-280058 
   -2.48     0.14     0.01     0.01     0.04     0.04  #J024139.0-042735 
   -2.62     0.27     0.02     0.02     0.18     0.18  #J024325.9-324902 
   -2.74     0.38     0.03     0.03     0.03     0.03  #J061033.5-314107 
   -3.04     0.73     0.02     0.02     0.02     0.02  #J091043.1-144419 
   -2.56     0.11     0.02     0.02     0.04     0.04  #J095036.7-250628 
   -2.79     0.06     0.02     0.02     0.01     0.01  #J095246.9-085554 
   -2.53     0.47     0.02     0.02     0.02     0.02  #J112034.0-240615 
   -2.52     0.03     0.01     0.01     0.04     0.04  #J114440.9-040951 
   -2.72     0.42     0.02     0.02      0.1      0.1  #J120456.3-075923 
   -2.62     0.22     0.01     0.01     0.18     0.18  #J133748.9-082617 
   -2.71     0.36     0.01     0.01     0.02     0.02  #J133931.4-125721 
   -2.51      0.1     0.01     0.01     0.06     0.06  #J134254.1-071701 
   -2.57     -0.1     0.01     0.01     0.11     0.11  #J141640.8-242200 
   -2.66    -0.08     0.01     0.01     0.02     0.02  #J160951.2-094118 
   -2.74      0.3     0.02     0.02     0.02     0.02  #J200506.7-305745 
   -2.62     0.15     0.01     0.01     0.09     0.09  #J205423.5-003310 
   -2.58     0.14     0.01     0.01     0.05     0.05  #J211621.9-021342 
   -2.54     0.22        0        0     0.11     0.11  #TYC6088-1943-1 
   -2.88     0.22        0        0     0.02     0.02  #TYC75-1185-1 
