# X Y X1 X2 Y1 Y2
    -2.9     0.22        0        0        0        0  #CS31082-001 
   -3.83     0.33     0.14     0.14        0        0  #BS16467-062 
   -3.36     0.22     0.12     0.12        0        0  #BS16477-003 
   -2.85     0.24     0.17     0.17        0        0  #BS17569-049 
   -3.86     0.53     0.17     0.17        0        0  #CS22172-002 
      -3     0.36     0.14     0.14        0        0  #CS22186-025 
   -2.98     0.29     0.14     0.14        0        0  #CS22873-055 
   -2.92     0.17     0.19     0.19        0        0  #CS22873-166 
   -3.81     0.51     0.17     0.17        0        0  #CS22885-096 
   -2.68     0.29     0.19     0.19        0        0  #CS22896-154 
   -2.61     0.29     0.12     0.12        0        0  #CS22966-057 
   -3.03      0.3     0.16     0.16        0        0  #CS29491-053 
   -2.81     0.18     0.15     0.15        0        0  #CS29495-041 
   -3.19     0.23     0.11     0.11        0        0  #CS29502-042 
   -3.07     0.25      0.1      0.1        0        0  #CS29516-024 
   -2.65     0.26     0.13     0.13        0        0  #CS29518-051 
   -2.68     0.32     0.16     0.16        0        0  #CS29497-004 
   -2.72     0.26     0.14     0.14     0.07     0.07  #BD+05_3098 
   -2.75     0.22     0.13     0.13     0.07     0.07  #BD-17_6036 
   -3.03     0.41     0.08     0.08     0.05     0.05  #BD-18_5550 
   -2.74     0.25     0.18     0.18     0.25     0.25  #CS30337-097 
   -2.99     0.72     0.18     0.18     0.24     0.24  #HE0111-1454 
   -2.62     0.78     0.18     0.18     0.25     0.25  #HE0143-4108 
   -2.68     0.29     0.18     0.18     0.26     0.26  #HE0240-0807 
   -3.23     0.83     0.18     0.18     0.25     0.25  #HE0240-6105 
   -3.01     0.67     0.18     0.18     0.25     0.25  #HE0547-4539 
   -2.75      0.3     0.18     0.18     0.25     0.25  #HE1225+0155 
   -2.65     0.51     0.18     0.18     0.25     0.25  #HE1249-2932 
   -2.86      0.6     0.18     0.18     0.27     0.27  #HE1252-0117 
   -2.98     0.43     0.18     0.18     0.25     0.25  #HE1314-3036 
   -2.58     0.22     0.19     0.19     0.26     0.26  #HE2217-0706 
   -2.62     0.32     0.19     0.19     0.25     0.25  #HE2217-1523 
   -2.58     0.31     0.18     0.18     0.25     0.25  #HE2224+0143 
   -2.82     0.65     0.18     0.18     0.25     0.25  #HE2252-4225 
   -2.56     0.16     0.19     0.19     0.25     0.25  #HE2347-1334 
   -2.84     0.49      0.2      0.2        0        0  #BS16033-008  # Y Upper Limit
   -2.89     0.41      0.2      0.2     0.21     0.21  #BS16080-054 
   -2.53     0.43     0.19     0.19        0        0  #BS16083-172  # Y Upper Limit
    -3.1     0.33     0.21     0.21        0        0  #BS16084-160  # Y Upper Limit
   -2.82     0.44     0.22     0.22     0.23     0.23  #BS16089-013 
   -2.74     0.29      0.2      0.2     0.21     0.21  #CS30325-028 
   -3.17     0.51      0.2      0.2     0.21     0.21  #CS30325-094 
   -2.64     0.16      0.2      0.2     0.21     0.21  #CS30327-038 
   -2.75     0.29     0.19     0.19      0.2      0.2  #CS30329-004 
   -3.44     0.11     0.18     0.18     0.04     0.04  #CS30322-023 
   -2.82      0.2      0.2      0.2     0.22     0.22  #BS16934-002 
   -2.66     0.38     0.14     0.14     0.13     0.13  #CS22886-042 
   -2.82     0.27     0.19     0.19     0.15     0.15  #HD122563 
   -3.12     0.48      0.2      0.2     0.03     0.03  #HD88609 
   -2.58     0.11     0.03     0.03     0.08     0.08  #BD+23_3130 
   -2.84     0.45     0.03     0.03     0.17     0.17  #CS31078-018 
   -2.78     0.05     0.09     0.09        0        0  #HE2327-5642 
   -2.78     0.15        0        0        0        0  #HD107752 
    -2.9     0.24        0        0        0        0  #HD115444 
   -2.56     0.23        0        0        0        0  #HD186478 
   -3.12     0.98     0.22     0.22        0        0  #BS16920-017 
   -2.86     0.31     0.12     0.12        0        0  #HD4306 
   -3.82     0.58        0        0     0.15     0.15  #HE0013-0257 
   -3.24     0.43        0        0     0.15     0.15  #HE0013-0522 
   -3.08      0.1        0        0     0.15     0.15  #HE0015+0048 
    -3.7     0.42        0        0     0.15     0.15  #HE0302-3417A 
   -3.32     0.39        0        0     0.15     0.15  #HE0324+0152A 
   -3.03     0.29        0        0     0.15     0.15  #HE0420+0123A 
   -3.21     0.19        0        0     0.15     0.15  #HE0432-1005A 
   -3.73     0.58        0        0     0.15     0.15  #HE1116-0634 
   -3.15     0.55        0        0     0.15     0.15  #HE1311-0131 
   -3.22     0.46        0        0     0.15     0.15  #HE2123-0329 
   -2.98     0.24        0        0     0.15     0.15  #HE2148-1105A 
      -3     0.27        0        0     0.15     0.15  #HE2238-0131 
   -2.88     0.17        0        0     0.15     0.15  #HE2253-0849 
   -3.88      0.7        0        0     0.15     0.15  #HE2302-2154A 
   -3.44     0.65     0.15     0.15        0        0  #BS16550-087 
   -3.34     1.09     0.21     0.21        0        0  #HE0009-6039  # Y Upper Limit
   -3.04     0.23      0.2      0.2        0        0  #HE0011-0035 
   -3.23     0.05     0.18     0.18        0        0  #HE0039-4154 
   -2.71     0.37     0.16     0.16      0.1      0.1  #HE0048-0611 
   -2.85     0.17     0.19     0.19        0        0  #HE0122-1616 
   -3.39     0.54     0.15     0.15        0        0  #HE0130-1749 
   -2.86     0.77     0.14     0.14     0.04     0.04  #HE0226+0103 
   -2.95     0.15     0.18     0.18        0        0  #HE0332-1007 
   -2.89     0.36     0.12     0.12        0        0  #HE0445-2339 
   -2.61     0.14     0.13     0.13        0        0  #HE0447-1858 
   -2.96     0.84     0.11     0.11     0.01     0.01  #HE1226-1149 
   -3.53     1.03     0.18     0.18     0.17     0.17  #HE1347-1025  # Y Upper Limit
   -3.53     0.64     0.14     0.14        0        0  #HE1356-0622  # Y Upper Limit
   -3.85        1     0.12     0.12        0        0  #HE1357-0123  # Y Upper Limit
    -2.9     0.22     0.11     0.11        0        0  #HE1509-0252 
   -2.68     0.35     0.14     0.14      0.1      0.1  #HE2200-1946 
   -3.35     1.12     0.18     0.18        0        0  #HE2203-3723  # Y Upper Limit
   -3.06     0.56     0.14     0.14        0        0  #HE2215-2548 
   -2.91     0.49     0.13     0.13     0.06     0.06  #HE2236+0204 
      -3     0.23     0.18     0.18        0        0  #HE2249-1704 
   -2.93     0.56     0.17     0.17     0.09     0.09  #HE2339-5105 
   -3.22     0.64     0.15     0.15        0        0  #HE2357-0701  # Y Upper Limit
   -2.85     0.18     0.13     0.13     0.15     0.15  #HD237846 
   -3.75     0.33     0.01     0.01        0        0  #HE0048-6408  # Y Upper Limit
   -3.46      0.4     0.01     0.01        0        0  #HE0139-2826  # Y Upper Limit
    -3.3     0.14     0.01     0.01        0        0  #HE2141-3741  # Y Upper Limit
   -2.89     0.34     0.01     0.01     0.01     0.01  #HE2157-3404 
   -3.65     0.27     0.01     0.01        0        0  #HE2233-4724  # Y Upper Limit
   -3.67     0.46     0.01     0.01        0        0  #HE2318-1621  # Y Upper Limit
   -3.53     0.63     0.15     0.15     0.15     0.15  #CS22878-101 
   -4.06     0.87     0.15     0.15        0        0  #CS22891-200  # Y Upper Limit
   -3.12     0.59     0.15     0.15        0        0  #CS22893-010  # Y Upper Limit
    -3.5     0.52     0.15     0.15     0.17     0.17  #CS22948-066 
   -3.31     0.63     0.15     0.15     0.14     0.14  #CS30314-067 
   -2.92     0.32     0.15     0.15     0.14     0.14  #BD-15_5781 
      -3      0.2     0.15     0.15     0.14     0.14  #BD-20_6008 
   -4.59     1.08     0.16     0.16     0.21     0.21  #CD-38_245 
   -3.31     0.45     0.15     0.15     0.14     0.14  #CS22169-035 
   -2.68      0.2     0.14     0.14     0.15     0.15  #CS22172-029 
   -3.57     0.67     0.15     0.15     0.16     0.16  #CS22183-031 
   -3.06     0.22     0.15     0.15     0.15     0.15  #CS22185-007 
   -2.72     0.23     0.21     0.21     0.22     0.22  #CS22186-002 
   -3.04     0.39     0.15     0.15     0.15     0.15  #CS22186-023 
   -3.92     0.36     0.15     0.15     0.21     0.21  #CS22189-009 
   -2.94     0.73     0.17     0.17        0        0  #CS22191-029  # Y Upper Limit
   -3.32     0.38     0.14     0.14     0.16     0.16  #CS22873-128 
   -2.71     0.76     0.17     0.17        0        0  #CS22875-029  # Y Upper Limit
   -3.23     0.28     0.15     0.15     0.17     0.17  #CS22877-011 
   -3.23     1.42     0.21     0.21        0        0  #CS22880-067  # Y Upper Limit
   -3.28     0.73     0.15     0.15        0        0  #CS22880-086  # Y Upper Limit
   -3.55     1.44     0.23     0.23        0        0  #CS22881-032  # Y Upper Limit
   -2.62     0.82     0.17     0.17        0        0  #CS22882-001  # Y Upper Limit
   -3.47     1.12     0.22     0.22        0        0  #CS22882-030  # Y Upper Limit
   -2.88     0.73     0.21     0.21      0.2      0.2  #CS22886-012 
   -2.93      0.8     0.21     0.21        0        0  #CS22888-002  # Y Upper Limit
   -2.77     0.35     0.14     0.14     0.16     0.16  #CS22890-024 
   -2.68     0.39     0.17     0.17        0        0  #CS22891-184  # Y Upper Limit
   -3.49     0.69     0.15     0.15     0.16     0.16  #CS22891-209 
   -3.23     0.37     0.15     0.15        0        0  #CS22891-221  # Y Upper Limit
   -2.99     0.51     0.15     0.15        0        0  #CS22893-005  # Y Upper Limit
   -2.85     0.12     0.15     0.15     0.17     0.17  #CS22896-015 
   -2.52     0.28     0.17     0.17     0.19     0.19  #CS22896-055 
   -2.85     0.21     0.17     0.17     0.18     0.18  #CS22896-110 
   -3.83     0.96     0.15     0.15     0.15     0.15  #CS22897-008 
   -3.51     0.66     0.15     0.15     0.18     0.18  #CS22898-047 
    -3.1     0.32     0.17     0.17     0.19     0.19  #CS22940-077 
   -3.11     0.24     0.15     0.15     0.17     0.17  #CS22941-017 
   -3.61     0.53     0.15     0.15     0.18     0.18  #CS22942-002 
   -2.88     0.29     0.15     0.15     0.16     0.16  #CS22942-011 
   -3.08     0.34     0.15     0.15     0.16     0.16  #CS22942-035 
   -3.64     1.28     0.15     0.15        0        0  #CS22943-137  # Y Upper Limit
   -3.22     0.31     0.15     0.15     0.19     0.19  #CS22944-032 
   -2.92     0.18     0.15     0.15     0.16     0.16  #CS22945-028 
   -2.82     0.87     0.17     0.17        0        0  #CS22945-056  # Y Upper Limit
   -2.84     0.81     0.17     0.17        0        0  #CS22945-063  # Y Upper Limit
   -3.55     0.88     0.15     0.15     0.14     0.14  #CS22949-048 
   -4.12     0.89     0.14     0.14        0        0  #CS22950-046  # Y Upper Limit
   -2.84     0.22     0.14     0.14     0.16     0.16  #CS22951-059 
   -3.87     0.46     0.15     0.15     0.19     0.19  #CS22952-015 
   -3.13     0.37     0.14     0.14     0.15     0.15  #CS22953-003 
    -3.1     0.68     0.17     0.17        0        0  #CS22955-174  # Y Upper Limit
   -3.67     0.59     0.15     0.15     0.17     0.17  #CS22956-050 
   -2.75     0.56     0.21     0.21        0        0  #CS22956-062  # Y Upper Limit
   -3.19     0.71     0.15     0.15        0        0  #CS22956-114  # Y Upper Limit
   -2.98     0.28     0.15     0.15     0.15     0.15  #CS22957-013 
   -3.28     0.44     0.14     0.14     0.16     0.16  #CS22957-022 
   -2.51     0.25     0.17     0.17     0.18     0.18  #CS22958-037 
   -3.05     0.66     0.14     0.14     0.14     0.14  #CS22958-083 
    -2.6     0.46     0.15     0.15     0.14     0.14  #CS22959-074 
   -3.91      1.1     0.15     0.15        0        0  #CS22960-048  # Y Upper Limit
   -2.77      0.4     0.14     0.14     0.14     0.14  #CS22960-064 
   -4.09     1.52     0.15     0.15        0        0  #CS22963-004  # Y Upper Limit
   -3.13     0.29     0.14     0.14     0.15     0.15  #CS22965-016 
   -3.99      0.7     0.15     0.15     0.18     0.18  #CS22968-014 
    -3.1     0.93     0.21     0.21        0        0  #CS22968-029  # Y Upper Limit
   -2.76     0.35     0.21     0.21     0.21     0.21  #CS29493-062 
   -2.78     0.29     0.21     0.21     0.23     0.23  #CS29517-018 
   -3.22     0.52     0.14     0.14     0.14     0.14  #CS30312-044 
   -3.41     0.49     0.15     0.15     0.16     0.16  #CS30312-059 
   -2.69     0.43     0.17     0.17     0.17     0.17  #CS30339-052 
   -3.93     1.19     0.15     0.15        0        0  #CS30339-073  # Y Upper Limit
   -3.27     0.17     0.15     0.15     0.17     0.17  #CS30492-110 
   -2.97     0.42     0.15     0.15     0.15     0.15  #CS30494-003 
   -3.29     0.43     0.15     0.15     0.15     0.15  #HD126587 
   -2.97     0.29     0.15     0.15     0.15     0.15  #HD13979 
   -3.13     0.33     0.15     0.15     0.17     0.17  #HD200654 
    -2.8     0.29     0.15     0.15     0.14     0.14  #HD26169 
   -3.77     0.49     0.15     0.15     0.21     0.21  #HE0056-3022 
   -3.05     0.32     0.15     0.15     0.17     0.17  #HE0336-2412 
   -3.38     0.74     0.15     0.15        0        0  #HE0454-4758  # Y Upper Limit
   -3.18     0.61     0.15     0.15     0.15     0.15  #HE1320-1339 
   -3.26     0.42     0.14     0.14     0.04     0.04  #LAMOSTJ0006+1057 
   -2.75    -0.01     0.15     0.15      0.1      0.1  #LAMOSTJ0102+0428 
   -3.57     0.44     0.19     0.19     0.07     0.07  #LAMOSTJ0126+0135 
   -3.36     0.22      0.1      0.1     0.04     0.04  #LAMOSTJ0326+0202 
   -2.96      0.8      0.2      0.2        0        0  #HE0109-4510  # Y Upper Limit
   -3.02      0.8      0.2      0.2        0        0  #HE0440-1049  # Y Upper Limit
   -3.43      1.5      0.2      0.2        0        0  #HE1218-1828  # Y Upper Limit
   -2.71     0.19      0.2      0.2     0.15     0.15  #HE1429-0347 
   -2.81     0.36      0.2      0.2     0.21     0.21  #HE2159-0551 
   -2.56     0.09        0        0        0        0  #SMSSJ001952.15-525803.0 
   -2.53      0.2        0        0        0        0  #SMSSJ003055.81-482011.3 
   -3.83     0.72        0        0        0        0  #SMSSJ004037.56-515025.2 
   -3.02     0.32        0        0        0        0  #SMSSJ010839.58-285701.5 
   -2.81     0.35        0        0        0        0  #SMSSJ014624.60-352457.7 
   -2.62    -0.11        0        0        0        0  #SMSSJ015350.94-775525.6 
   -2.71     0.25        0        0        0        0  #SMSSJ020748.93-465616.4 
   -2.87     0.44        0        0        0        0  #SMSSJ021323.26-495936.5 
   -2.94     0.27        0        0        0        0  #SMSSJ023139.43-523957.4 
    -3.4     0.64        0        0        0        0  #SMSSJ032132.29-363123.6 
   -2.97    -0.03        0        0        0        0  #SMSSJ041957.56-493818.3 
   -2.72     0.12        0        0        0        0  #SMSSJ061725.30-600740.6 
   -2.77      0.6        0        0        0        0  #SMSSJ062609.83-590503.2 
   -3.18    -0.03        0        0        0        0  #SMSSJ065014.40-614328.0 
   -2.62      0.2        0        0        0        0  #SMSSJ070257.95-600422.4 
   -3.18     0.29        0        0        0        0  #SMSSJ094029.05-060935.0 
   -2.99     0.43        0        0        0        0  #SMSSJ094755.04-102724.7 
   -2.64     0.28        0        0        0        0  #SMSSJ125115.37-331448.1 
   -2.52     0.26        0        0        0        0  #SMSSJ125125.64-340343.4 
   -2.76     0.41        0        0        0        0  #SMSSJ135625.09-161538.7 
   -2.61     0.32        0        0        0        0  #SMSSJ155430.57-263904.8 
   -2.79     0.23        0        0        0        0  #SMSSJ155628.74-165533.4 
    -2.5    -0.03        0        0        0        0  #SMSSJ174048.48-143635.6 
   -2.99     0.26        0        0        0        0  #SMSSJ185628.44-231809.8 
   -2.58     0.24        0        0        0        0  #SMSSJ195931.70-643529.3 
   -3.22     0.71        0        0        0        0  #SMSSJ200228.85-533114.4 
   -3.25     0.82        0        0        0        0  #SMSSJ200654.42-321157.7 
   -3.12     0.47        0        0        0        0  #SMSSJ202057.49-522417.2 
   -2.62     0.08        0        0        0        0  #SMSSJ205313.80-651830.6 
   -3.35     0.38        0        0        0        0  #SMSSJ230013.16-263511.0 
   -2.53     0.09        0        0        0        0  #SMSSJ230113.95-291458.2 
   -3.41     0.47     0.24     0.24     0.09     0.09  #LAMOSTJ110901.22+075441.8 
   -2.91     0.08     0.12     0.12     0.04     0.04  #RAVEJ203843.2-002333 
    -3.1     0.04        0        0     0.05     0.05  #SDSSJ082625.70+612515.10 
   -2.99     0.15        0        0        0        0  #2MASSJ09544277+5246414 
   -3.16     0.28     0.15     0.15     0.06     0.06  #J0858-0809 
   -2.97      0.3     0.13     0.13      0.1      0.1  #J1432-4125 
   -2.79     0.45        0        0     0.05     0.05  #CS31082-0001 
   -2.89    -0.14        0        0     0.04     0.04  #HE1317-0407 
   -3.09      0.5        0        0     0.02     0.02  #HE1523-0901 
    -2.6    -0.09     0.02     0.02     0.05     0.05  #J014519.5-280058 
   -2.48    -0.27     0.01     0.01     0.03     0.03  #J024139.0-042735 
   -2.62    -0.08     0.02     0.02     0.08     0.08  #J024325.9-324902 
   -3.04    -0.15     0.02     0.02      0.1      0.1  #J091043.1-144419 
   -2.56    -0.22     0.02     0.02      0.2      0.2  #J095036.7-250628 
   -2.79    -0.18     0.02     0.02      0.1      0.1  #J095246.9-085554 
   -2.53    -0.16     0.02     0.02      0.1      0.1  #J112034.0-240615 
   -2.52    -0.39     0.01     0.01     0.02     0.02  #J114440.9-040951 
   -2.72    -0.12     0.02     0.02     0.06     0.06  #J120456.3-075923 
   -2.62     0.02     0.01     0.01     0.04     0.04  #J133748.9-082617 
   -2.71    -0.15     0.01     0.01     0.06     0.06  #J133931.4-125721 
   -2.51    -0.25     0.01     0.01     0.03     0.03  #J134254.1-071701 
   -2.57    -0.15     0.01     0.01     0.02     0.02  #J141640.8-242200 
   -2.66    -0.37     0.01     0.01     0.04     0.04  #J160951.2-094118 
   -2.74    -0.02     0.02     0.02     0.05     0.05  #J200506.7-305745 
   -2.62    -0.05     0.01     0.01     0.03     0.03  #J205423.5-003310 
   -2.58     -0.2     0.01     0.01     0.03     0.03  #J211621.9-021342 
   -2.54    -0.46        0        0     0.05     0.05  #TYC6088-1943-1 
   -2.88     -0.2        0        0     0.07     0.07  #TYC75-1185-1 
